-286.413
-18.1047
-99.4726
42.8457
-30.8009
27.0071
-89.9834
-7.02006
7.29232
38.8083
-96.9983
-29.2973
-52.8242
-11.5022
-57.7677
-16.3422
-18.4713
-4.75568
-37.6079
34.3059
-21.8388
-43.9669
-18.2627
-58.592
-60.1003
-0.770718
-21.8856
-4.79532
-38.7469
-28.2458
-20.5807
-17.0246
9.69514
-12.4401
-19.3581
-6.76612
1.95588
0.532323
-4.2491
-10.4063
6.49049
-25.499
-2.82698
25.78
4.48435
-1.22118
-1.25504
-18.9982
-29.7075
-2.68475
-5.36948
-17.4532
-9.83987
4.42197
-20.672
-11.1493
-13.7558
-5.18718
-25.5817
-24.7906
18.4888
16.9597
36.2857
-11.8019
-19.1322
1.76646
23.0551
3.94065
-26.1893
2.55272
-39.4991
-1.23674
10.393
-7.85616
9.87723
26.3038
8.03094
-1.81238
-7.67294
16.2592
-11.3941
-21.3122
7.59193
-2.67087
-16.2552
-7.20514
5.38755
-0.226444
-5.87873
27.3361
-22.1525
0.714448
9.86161
-1.3108
1.51193
-8.29461
-23.0213
-27.4189
-9.79314
-21.3331
-2.80613
16.1797
-6.82641
-4.07767
-13.9106
2.71831
-8.34282
7.94189
-1.73866
31.6507
6.71097
-7.89599
11.4059
2.98639
11.009
34.4072
-2.66713
26.2315
9.3438
-1.03604
3.21886
-4.17216
-2.64185
2.18449
-7.42158
3.81505
24.2889
4.20263
0.964396
-10.0775
18.6136
13.5712
7.92582
5.7456
3.38923
15.3428
-6.21099
-6.97714
-22.9248
6.17877
5.96957
18.7717
3.79882
6.28469
-0.490197
32.501
12.3844
1.70462
21.2181
-2.61936
-7.81071
6.78614
-16.8206
-18.6786
-5.94791
5.81994
5.68298
0.30333
-8.085
15.2023
13.064
-9.91482
-3.31947
14.2561
-33.5033
0.172882
14.3755
-5.82927
-12.5546
-6.1358
1.13437
-11.4643
0.519959
2.47285
-7.06323
-2.86992
-2.22058
-0.32762
-18.4214
-6.546
0.797933
-5.25172
-21.0322
-9.5507
1.67727
-2.18243
-6.55644
-4.24871
-6.07018
4.92675
-3.19084
1.32811
-2.65397
-4.38745
2.36861
6.06387
-6.33752
-9.37933
5.42322
5.63127
-3.09583
1.3749
-14.6615
-3.51921
6.07575
11.4922
-5.47544
-0.970552
-9.13791
3.31193
-3.94651
2.5342
-4.63586
-4.71124
2.30834
1.00611
-5.73633
-2.58625
1.75873
-1.24732
3.71347
-1.73163
-4.5115
3.00053
4.05233
7.38334
3.13534
-2.25963
-7.3487
2.85385
-0.0808917
0.457053
-2.83577
6.05448
-9.44882
-3.6364
-0.0394528
-2.61982
6.51998
3.57997
2.82903
1.45504
-6.40339
1.82463
0.564566
-2.52671
0.527569
10.7197
-5.66783
-7.67163
-1.32251
5.08456
-1.65842
10.6697
-6.73553
-3.46146
-1.81179
-2.4041
-5.7943
-4.59119
-12.875
-1.21583
7.1666
-9.08366
2.3485
-3.41436
-4.11829
-1.77183
-1.20871
-2.69823
-3.69412
-5.15796
-5.17777
-1.93122
-3.75517
-4.75619
-2.10574
-3.30094
-4.86872
3.92916
-6.84504
-1.13097
3.9624
0.834683
1.5997
1.16592
-6.2411
-1.21709
6.47272
1.02969
-1.49966
4.56634
-0.574894
-4.24254
3.3329
11.6037
-1.47446
8.48677
2.25376
4.30398
-2.25629
2.11916
0.495992
5.19313
0.0670677
3.73805
-0.126346
-7.05546
0.190437
8.62212
3.333
-1.16374
3.82508
1.64327
-2.31171
2.75203
3.86356
2.69936
-1.07856
3.52394
4.4264
1.76072
0.445074
8.75799
2.15898
-1.43198
0.631327
4.43421
1.30988
0.578076
5.87885
0.378083
-1.12797
0.966853
1.91749
-4.73501
1.06908
3.68306
0.280913
-2.49008
-5.16025
1.57587
1.24341
3.49014
0.776025
2.07239
-2.68469
2.11708
1.37982
0.567914
-5.10504
-1.1151
-0.684435
0.603117
-1.59852
-3.96042
-2.42033
-0.569187
1.50078
1.15508
-2.58395
-2.75769
1.2631
0.825187
-5.55429
-4.49704
-4.49321
0.423976
-1.05967
3.01658
-4.40937
-3.78527
1.8267
2.1094
-1.25756
2.57998
1.36052
-1.70384
0.870348
-0.118629
0.404827
-1.16458
1.76291
-0.211918
-0.379273
1.7753
1.49747
4.25084
0.261286
2.02647
2.55668
2.52368
-2.97898
3.75184
2.12437
1.15596
-1.10655
1.77654
-2.07809
-0.494934
5.02003
4.43098
2.81833
0.223174
1.07347
2.60493
0.434208
1.27804
3.33018
-2.48526
-3.03318
4.95527
-1.23993
-1.49053
1.65131
2.76758
1.16215
2.99198
-1.04238
0.48197
1.76156
0.386129
0.607854
-1.02689
-3.80041
-1.12686
5.17662
-1.67934
0.0100481
-1.45572
-3.00305
-1.26445
-0.330528
-0.182317
-0.858397
-0.906805
-4.23264
-1.14682
-2.71617
-1.95275
-1.21134
0.202608
-3.58487
-0.717957
-1.67112
-3.93519
-1.50901
-1.69897
-2.0547
0.407838
-2.14526
-5.64288
1.42018
0.477849
-3.82979
0.0709605
-1.63615
-4.09798
-1.97736
3.37721
-2.71982
-2.36068
-3.0023
0.099833
-0.718946
-0.382097
0.512595
0.293369
-2.5789
-0.311805
3.26782
-3.71376
-1.20876
1.83649
2.2495
-1.26345
0.0192626
0.824465
1.0094
0.681034
2.57894
2.86795
-0.710992
1.20747
2.81101
3.21912
-1.6315
0.735476
0.833443
-1.80816
0.361816
5.05276
1.77664
-1.62318
1.97337
1.18954
1.54075
2.28422
3.89913
-0.0620725
0.262306
1.48894
-0.765174
-0.393015
-1.35338
2.46575
1.90547
1.33649
-0.592259
1.15022
-0.281559
3.15076
2.41423
