-4.255003
-3.969654
-3.590357
-3.749614
-4.332393
-3.246213
-2.034612
-1.319109
-0.979311
-0.977155
-1.419263
-3.245094
-1.274480
-0.600740
-0.243753
-0.047415
-0.001115
-0.148169
-0.517181
-0.668685
-0.382493
-0.382654
-0.876277
-0.605871
0.179530
0.582247
0.746602
0.710821
0.458737
-0.035976
-0.529429
-0.554548
-0.718617
-0.963571
-0.556939
-0.256700
-0.256933
-0.518348
-1.023109
-1.797201
-1.690579
-1.178184
-1.010791
-0.853461
-0.541639
-0.272160
-0.113563
-0.048121
-0.051996
-0.099068
-0.197642
-0.413822
-0.572226
-0.209392
0.116712
0.194298
0.063777
-0.200744
-0.568849
-1.091734
-1.369428
-1.152088
-0.527309
0.038153
0.283069
0.174977
-0.477690
-1.023159
0.006933
0.281820
0.178576
-0.262493
-1.128941
-2.010966
-2.420904
-2.424497
-1.110900
-0.640963
-0.505902
-0.589724
-0.784501
-0.942850
-1.033125
-1.139717
-1.263877
-1.375474
-1.628102
-2.130343
-1.878309
-1.459658
-1.268272
-1.125168
-0.979013
-0.901134
-0.928291
-0.840866
-0.524923
-0.295995
-0.262106
-0.402892
-0.646707
-0.875994
-1.026775
-0.986285
-0.777158
-0.712451
-0.897020
-0.988394
-0.622205
-0.295461
-0.083160
0.060659
0.156557
0.226410
0.278579
0.282371
0.194656
0.002508
-0.205009
-0.183735
0.061259
0.297853
0.418161
0.374300
0.115386
-0.467451
-1.757531
-1.706779
-1.303582
-0.950098
-0.538385
-0.329955
-0.309140
-0.422401
-0.664646
-1.002804
-0.892335
-0.537820
-0.414909
-0.419826
-0.327444
-0.271853
-0.511804
-1.258196
-1.232439
-0.816358
-1.005865
-1.622361
-1.079892
-0.640330
-0.431601
-0.201345
0.051096
0.194194
0.157279
-0.116545
-0.804345
-1.869999
-0.668700
-0.301365
-0.263961
-0.350976
-0.342676
-0.229692
-0.137439
-0.100352
-0.136621
-0.271881
-0.476532
-0.633166
-0.724576
-0.884786
-1.184124
-1.567334
-1.800293
-1.898764
-2.082975
-2.142221
-1.897511
-1.658885
-1.583925
-1.570650
-1.276999
-0.860009
-0.578930
-0.476468
-0.531294
-0.661067
-0.750406
-0.798403
-0.856603
-0.952830
-1.278785
-2.404343
-1.082295
-0.471382
-0.315460
-0.349469
-0.277787
-0.175925
-0.314019
-0.825101
-0.735762
-0.136391
0.087361
-0.009436
-0.469881
-1.659369
-2.017417
-0.989825
-0.411045
-0.167650
-0.354114
-1.325891
-0.803428
-0.171402
-0.071683
-0.133300
0.022032
0.203546
0.149026
-0.190182
-0.635715
-0.709810
-0.662936
-0.441760
-0.111598
0.110936
0.131606
-0.173497
-0.295842
0.525564
1.030909
1.261642
1.275446
1.080001
0.669876
0.120423
-0.218282
-0.265938
-0.311146
-0.328257
0.040706
0.420163
0.583958
0.563000
0.390978
0.084059
0.044882
0.503755
0.831976
0.928673
0.809297
0.518439
0.235421
0.156158
0.187240
0.257198
0.304993
0.322614
0.374919
0.455102
0.502872
0.498597
0.455616
0.383878
0.274781
0.137421
0.047299
0.116059
0.304892
0.446621
0.445667
0.280936
-0.016931
-0.289802
-0.273795
-0.129991
-0.133746
-0.451461
-1.668159
-0.811997
0.054485
0.460653
0.623596
0.538953
0.092842
-1.204412
-0.459278
0.006967
-0.016442
-0.342647
-1.009564
-2.545342
-1.289710
-0.802048
-0.808642
-1.099792
-1.149441
-1.256011
-1.528706
-0.966751
-0.795891
-1.134228
-1.665955
-1.687006
-1.698242
-1.276617
-0.611266
-0.069109
0.261735
0.418723
0.460378
0.417022
0.286301
0.068075
-0.233639
-0.711985
-1.630142
-0.981677
-0.459880
-0.354587
-0.441427
-0.331264
0.087621
0.411818
0.514428
0.372579
-0.045861
-0.546675
-0.250016
0.065029
0.161742
0.122626
0.004665
-0.197431
-0.509172
-0.668526
-0.415114
-0.215034
-0.203447
-0.410722
-1.084492
-1.949967
-0.534460
-0.125326
-0.033536
-0.115105
-0.325299
-0.745390
-2.019265
-1.263053
-0.453190
-0.299555
-0.705324
-0.762819
0.190252
0.625591
0.749388
0.627442
0.265887
-0.325985
-0.933526
-1.059297
-0.506573
0.024276
0.328762
0.435457
0.343777
-0.010560
-0.588816
-0.080557
0.444274
0.674158
0.715210
0.647982
0.546410
0.436651
0.285198
0.072489
-0.119461
-0.092358
0.119151
0.292277
0.339949
0.268692
0.115588
-0.092959
-0.354091
-0.641766
-0.701520
-0.479592
-0.400285
-0.589515
-0.942358
-1.041151
-0.977075
-1.163711
-1.706961
-1.126034
-0.548143
-0.266686
-0.147504
-0.201054
-0.494993
-1.053356
-1.365809
-0.971537
-0.514926
-0.175863
0.016820
0.087794
0.101305
0.153552
0.257751
0.325164
0.290037
0.127922
-0.172108
-0.593012
-0.875189
-0.714027
-0.542479
-0.574330
-0.830045
-0.771145
-0.191157
0.195502
0.339455
0.262085
-0.028861
-0.491501
-0.896260
-0.885216
-0.681271
-0.664048
-0.952816
-1.054830
-0.629614
-0.405285
-0.386726
-0.495495
-0.714636
-0.993374
-0.899216
-0.477273
-0.162706
0.007053
0.070638
0.044460
-0.090875
-0.358706
-0.722769
-1.049896
-1.214151
-0.947487
-0.494386
-0.154556
0.036747
0.066297
-0.031065
-0.099104
-0.080624
-0.090496
-0.063883
-0.019852
-0.201859
-0.955213
-1.984450
-0.683431
-0.469956
-0.514187
-0.573174
-0.644609
-0.790295
-0.951409
-1.007606
-0.753841
-0.359278
-0.111610
-0.068009
-0.223701
-0.557692
-0.968187
-1.121714
-0.966998
-0.858853
-0.885234
-0.873918
-0.768135
-0.838130
-1.283453
-1.790726
-1.393773
-1.332387
-1.546058
-1.602616
-1.629672
-1.921622
-2.209495
-2.151431
-2.233698
-2.414977
-2.440764
-2.410242
-2.358119
-2.337008
-2.307558
-2.197160
-2.110493
-2.173421
-2.611097
-4.101945
