1417.59
-456.987
-347.586
29.9494
13.1715
12.6566
-108.758
54.0572
-45.3231
4.48958
-19.568
9.26807
-7.83768
12.5005
-6.30777
20.8857
-13.8038
25.3098
-14.0766
12.5072
-49.7575
10.0932
12.9614
-1.06782
-20.0733
-14.495
-23.8806
-13.0822
-3.83499
-15.479
3.83656
21.2093
29.3318
-4.20365
-13.8992
-10.5992
38.9074
12.1544
-47.2275
11.2971
-22.7886
-40.09
-9.60279
23.4847
-22.3423
-26.1915
10.14
4.73044
18.9104
3.92755
-10.1851
1.06266
-21.466
-45.5881
-38.8787
36.389
22.9742
-34.3239
13.4337
27.0611
-18.1836
-3.54687
-15.7762
-7.20734
21.6369
-7.24119
13.8229
-18.8093
12.5289
-7.80065
9.46666
0.66523
0.323642
4.78427
17.9024
20.8565
-9.93409
17.5987
-4.35902
12.4847
8.51126
15.1506
12.8138
10.6219
11.098
-13.7997
11.1643
-31.8954
21.3816
13.2394
-22.7559
-0.183058
-21.1597
-28.0282
-8.18668
4.82338
4.55684
8.16482
41.1972
2.64117
-17.0317
-8.47618
-0.882443
-9.12209
7.6254
-21.3605
5.19204
4.99227
-12.1462
0.529793
-4.65575
5.26345
4.91599
10.3738
16.9955
9.33536
2.52715
11.3105
-10.7851
-0.403047
4.09253
3.94542
0.806291
17.3127
19.442
-22.7496
-6.88459
-4.95249
-7.80475
-11.0435
-3.64749
-16.3921
14.8588
9.12875
-13.6613
15.5333
2.43534
-4.85564
6.62906
-1.17232
6.62116
4.30241
-1.2322
-8.77831
-5.25191
-18.7946
-9.54175
-15.4393
-2.93666
-4.67865
-7.31535
2.7666
15.4341
-3.91255
-12.9602
-1.9208
8.9136
4.78265
3.65691
11.7462
21.9878
11.5067
-1.13806
-6.086
5.41928
23.2965
-2.06468
-5.23719
-1.20144
-3.88643
-7.68453
12.2015
-21.2916
-9.0444
9.42912
-7.69596
19.3878
5.7148
-5.11601
-3.78939
2.55628
3.57286
0.776084
-8.76806
-0.197745
10.3495
6.06353
-13.3015
-9.30925
-0.717418
2.94154
11.4061
-4.93544
0.986846
1.79226
-7.11748
-5.15136
-2.06985
-0.663457
-9.09906
2.06266
1.40477
1.16573
8.25959
7.51634
0.418919
12.98
-12.8017
-5.49537
7.50645
1.21168
-2.17048
-6.54405
3.3053
3.27932
-3.8401
-4.03564
2.75772
-13.6541
4.47663
-1.62793
0.924785
10.5669
3.10288
-6.08679
-1.04621
3.18684
4.92564
5.91301
10.875
0.344359
1.08394
-3.06602
-1.67878
-2.81806
1.14856
3.29216
-6.14107
2.1652
4.50579
-9.76205
-7.00168
-3.122
3.39709
-6.62589
-4.80359
-11.1994
6.61416
-2.24912
-4.67603
-6.51781
1.78163
3.03322
2.91249
-7.20692
1.31377
-3.16302
2.58544
0.88311
-1.42431
1.37732
3.10286
-4.32583
1.14391
-7.31772
-7.61758
-5.05592
-3.62528
-6.44217
-4.5509
-4.39384
-0.942137
-12.3542
0.774116
-3.72362
-3.60027
2.31131
4.33752
-1.38179
0.946146
-2.71052
4.00744
1.85803
4.01692
-0.187761
3.47294
7.53552
2.56862
-2.08273
0.244494
3.1029
1.56136
-2.48626
3.52084
-3.40312
-0.686372
5.2202
-2.61338
-7.084
-2.0656
-4.17005
1.8424
-1.77234
-3.44077
-0.932083
-0.207874
-2.08207
-1.98583
-7.1071
-1.08907
1.84733
-1.68134
0.4885
2.43285
5.9633
3.69214
4.24029
-7.8849
-2.14663
2.0491
-0.608777
1.02835
3.67356
0.531394
-1.38765
-2.37888
-4.27732
0.891695
4.41895
3.10371
4.95045
6.61577
1.33854
-2.92646
2.66563
2.17871
-2.5479
1.33993
5.71696
7.20369
7.55012
-1.68026
0.298816
3.46368
4.8583
-2.42656
-0.361701
4.4053
6.81167
0.0763748
-2.01376
-1.53937
0.476948
3.03526
2.81107
-0.191419
1.05238
1.46227
1.55942
-2.52145
0.184669
-3.42055
-5.70122
2.49062
4.29483
-1.62455
2.43858
1.98014
2.74622
0.348332
-0.657669
-5.89284
2.99163
4.17217
-1.59779
-0.414444
4.74227
1.65531
4.35723
0.0971661
-0.0052766
4.66683
2.72484
4.64842
1.92185
-0.0657349
0.683933
-2.55363
-1.07724
1.32163
-1.80397
-0.544268
4.00968
-0.376168
-0.596989
-3.41417
0.434654
-0.424008
-0.273015
-2.18959
0.483742
4.49039
3.1447
-1.85171
-0.672541
2.28763
2.55403
-1.3112
-0.687499
-0.586823
-1.66561
-1.34501
-5.87605
-5.889
-2.55176
-0.755145
-1.43074
-1.13426
-0.613329
-1.34127
1.12452
3.38707
1.78919
-0.911434
1.74655
0.386698
1.37979
1.00215
-0.815908
-0.0223095
4.20333
3.43909
-0.0877764
-1.74349
1.09922
1.4192
-2.07994
-2.33073
-3.37269
-0.322575
2.48238
-0.378662
-4.23797
1.09717
0.872269
-1.02461
0.486537
-0.654968
-1.19092
-1.13237
-0.784125
-3.9759
-3.67068
-2.72249
-1.22959
-2.19392
-0.00671299
-0.0623304
-0.156335
3.46929
1.84894
-2.52248
-2.24257
0.898561
-1.41372
1.09643
-0.563166
-0.624793
3.6172
3.89921
-0.426031
-1.49722
0.0614292
1.83493
0.755502
-0.981328
0.0384618
0.282435
0.609595
-1.97649
-2.619
-0.552022
3.03682
3.35718
3.68805
3.83389
1.14054
-1.19541
1.86877
0.230333
-4.06736
-0.608918
0.480939
2.15899
1.67964
-2.07072
-3.72403
1.59937
-0.617427
-5.3529
-3.23466
1.35408
0.946246
-1.08959
-2.80373
-3.9089
-0.714499
-0.229813
0.561324
-0.0359436
2.75251
2.96591
0.322491
