-0.983855
-1.019095
-0.763436
-1.137447
-1.489609
-0.485296
-0.633429
-1.141264
-0.425962
-0.074565
0.071599
0.137938
0.239791
0.287232
0.162441
-0.215840
-0.465028
0.044372
0.071255
-0.704743
-1.515022
-0.831333
-1.472408
-0.648965
0.171317
0.506407
0.472888
0.271875
0.139899
-0.218749
-0.363857
0.036355
0.051196
-0.547669
-1.081657
0.101778
0.178640
-0.208219
0.166690
0.366965
0.064886
-0.963496
-0.896829
-0.009711
0.223961
0.096484
-0.540914
-1.435291
-0.843458
-0.688664
0.504396
0.953231
0.956825
0.597700
0.030114
-0.061938
-0.316142
-0.234828
0.592188
0.905231
0.995070
1.133329
1.360195
1.523917
1.511758
1.293006
0.966814
0.838739
0.903809
0.862286
0.716056
0.650123
0.551930
0.635192
0.852696
0.722871
0.005164
-0.888162
-0.520566
-0.984003
0.287393
0.793361
0.948999
1.036854
1.141553
1.249805
1.305257
1.139485
0.891740
1.182589
1.408666
1.377048
1.200658
1.115979
1.152919
0.998944
0.591634
0.366650
0.300350
0.305205
0.536504
0.771036
0.840142
0.746426
0.893645
1.250820
1.539260
1.663763
1.571938
1.303692
1.035640
0.894144
0.579602
-0.335917
0.979430
1.435889
1.418131
1.111270
0.573755
-0.933390
-0.092648
0.553707
0.962593
1.517220
2.028449
2.323923
2.380118
2.245256
2.039428
1.845515
1.522971
0.665301
0.389492
1.378342
1.652140
1.713142
1.763315
1.871477
2.024883
2.095045
1.947506
1.656493
1.747785
1.920534
1.888008
1.815868
1.854504
1.993698
2.108559
2.048797
1.777848
1.395277
1.097866
0.826287
0.507867
0.911154
1.232697
1.196167
1.124204
1.590474
2.102772
2.377468
2.378770
2.034779
1.640826
2.315280
2.705277
2.781848
2.693829
2.620192
2.604435
2.523833
2.329615
2.224698
2.402493
2.525678
2.402660
2.021177
1.800374
2.023647
2.240861
2.385478
2.352029
2.131462
2.167403
2.605982
2.934686
3.043324
2.974353
2.963482
3.170471
3.361064
3.440684
3.410206
3.217922
2.740199
2.451733
3.038337
3.322042
3.298038
2.972721
2.324992
2.436420
2.889852
3.048264
2.993591
2.780866
2.663148
2.910184
3.154683
3.203576
2.984970
2.297471
0.519888
2.388230
2.874472
3.167044
3.401966
3.568775
3.723614
4.009281
4.330256
4.521400
4.540190
4.388029
4.077049
3.782683
3.848588
3.940970
3.912340
4.024632
4.216478
4.173510
3.685224
3.438955
4.117987
4.269303
4.122975
4.313371
4.685100
4.853213
4.836256
4.691071
4.457209
4.136755
3.620733
2.165264
3.401357
4.071486
4.215152
3.967723
3.188733
2.697235
3.617988
4.139339
4.578799
4.919312
5.128915
5.254989
5.380207
5.499588
5.537746
5.456653
5.270910
5.022700
4.719610
4.263514
3.533716
3.717418
4.084543
4.001945
3.639664
3.776067
4.059818
4.198430
4.412761
4.668542
4.911705
5.223498
5.549794
5.770514
5.837284
5.741651
5.485041
5.081819
4.659554
4.643548
4.962142
5.247673
5.397072
5.389582
5.244580
5.034793
4.850465
4.694771
4.541435
4.402696
4.318483
4.366320
4.479578
4.492012
4.303373
4.044805
4.187271
4.267909
3.934817
3.617559
4.030746
4.177440
4.149648
4.286618
4.773028
5.192630
5.376827
5.375242
5.343805
5.363215
5.291788
4.996623
4.347110
2.558246
3.464703
3.985731
4.098934
4.056141
3.904865
3.687178
3.482128
3.243607
3.260966
4.086796
4.733412
5.142864
5.390312
5.511824
5.505626
5.349339
5.014577
4.468742
3.800043
3.766791
3.918774
3.828112
3.700286
3.559891
2.974357
3.514111
4.165866
4.315703
4.085696
3.447521
2.372410
2.547856
3.264190
3.720865
3.928270
3.980287
3.967839
3.958614
3.932046
3.780277
3.346785
2.809956
3.687242
4.186346
4.333618
4.231361
3.978937
3.826231
4.023713
4.301320
4.444116
4.419335
4.223111
3.798418
2.785199
2.615733
3.571535
3.779849
3.601853
3.098371
3.205235
3.806811
4.182955
4.388223
4.457604
4.404959
4.250042
4.029766
3.799809
3.584050
3.376218
3.588660
3.999176
4.162876
4.066945
3.843386
3.755647
3.646179
2.952246
2.986127
4.066056
4.451741
4.534054
4.448756
4.335009
4.270935
4.185013
3.984769
3.578450
2.834375
3.031606
3.672286
3.978820
4.070769
4.121960
4.354889
4.620208
4.748808
4.727172
4.596443
4.459162
4.504776
4.720530
4.886697
4.891762
4.704192
4.368668
4.208831
4.368752
4.459395
4.329523
3.938530
3.664144
3.913755
3.964004
3.857741
4.128954
4.511683
4.716494
4.754784
4.663533
4.474939
4.214547
3.868404
3.377738
3.432082
4.041988
4.377633
4.469016
4.423181
4.406431
4.451044
4.423297
4.253555
3.927599
3.444726
2.888575
2.382108
2.126579
2.584170
3.081458
3.505602
3.753908
3.853581
3.924695
3.961073
3.844048
3.555432
3.306221
3.326701
3.581455
3.826814
3.836015
3.484307
2.749236
3.408341
3.917469
4.070684
4.018422
3.965309
4.007334
3.963973
3.745341
3.415399
3.141250
3.000765
2.846724
2.676637
2.845800
3.080684
3.126103
2.983240
2.691469
2.404136
2.387516
2.554076
2.671600
2.642809
2.471697
2.243524
2.164355
2.210684
2.088209
1.685909
1.428343
1.697719
1.682452
0.834856
0.957008
1.835034
1.877386
1.692275
