604.988
79.8702
-110.888
150.163
160.896
-15.0948
-117.123
-61.2514
-94.4578
-3.58306
-96.5253
-67.2405
-16.0741
-25.6354
16.1812
11.4155
-20.7661
-5.00263
-1.77188
39.9128
-59.8086
-67.4782
-12.3122
-75.4787
-27.0168
-11.0523
-14.7916
50.3017
4.43104
42.3294
19.697
14.8298
-20.8245
-35.4622
-11.2714
-12.7015
2.24957
-54.5463
17.238
-23.1822
-3.7988
-14.3713
-4.61975
-21.2167
-23.6823
-24.9476
-23.9581
-11.4289
-47.2658
-19.2438
34.3492
9.06956
-3.09834
27.8176
27.9502
51.7733
166.056
140.909
55.5794
2.42355
10.9978
10.808
1.52299
-33.2288
-23.431
-46.5033
4.54393
-3.01637
-23.0908
-39.2946
-14.9961
7.46672
-10.3296
-5.06867
-3.8215
-0.822729
-4.51539
11.0344
-13.7575
-4.01079
-30.2862
-3.15246
3.40253
27.9476
0.970923
-12.5813
-0.871116
-21.5598
-35.1233
-0.655136
12.7382
-24.9854
19.9863
-5.37326
10.0051
2.51388
-13.3539
-12.1476
11.7751
-28.9949
-19.4494
-13.0612
-10.3808
-9.85123
24.5188
-7.10416
1.57397
10.3419
4.9039
9.07972
16.5608
-7.20259
46.7672
42.0345
-19.4677
-17.5582
12.0362
0.231423
-3.87277
3.91979
5.77421
1.16845
18.6053
-3.12074
-13.429
-0.078589
4.76059
6.2631
0.142297
-24.7402
10.2689
-11.3683
-1.22051
6.16315
-10.1012
5.76845
0.0145448
2.62995
7.77024
-0.296875
-31.3428
-16.4319
-11.2311
8.17657
17.4625
-5.69487
-12.9948
-14.3691
-2.45438
7.72655
17.7151
2.96834
3.96888
14.5889
-3.35777
9.86885
8.068
0.580318
5.30806
9.64353
-5.81836
-5.15223
0.709562
-8.40825
1.03261
-13.9055
-19.8251
8.42604
-10.9932
10.9876
-11.9166
-5.85639
14.359
-13.5236
6.79346
7.63467
7.43654
-3.52325
-2.49609
-13.2297
-0.000564371
8.05104
2.30785
10.424
-14.1506
19.7682
2.19518
0.773724
-9.92428
3.72011
-10.322
9.40759
-7.40866
0.654785
-15.6165
4.35561
14.0248
12.5082
1.87117
-2.44946
1.76974
1.0602
5.53892
6.83958
7.3862
-7.66042
2.13677
-2.62582
3.99273
-9.47136
-11.2573
-8.93149
4.60574
4.92159
0.449691
4.52792
-1.0897
3.73463
5.75008
-1.16861
-11.0957
-5.77738
-8.75115
-5.84249
3.67457
-18.6436
-6.4186
-1.06724
8.56821
1.17479
-4.89033
-3.6067
-14.0302
-2.78057
-4.54766
-1.66177
5.419
8.40884
4.10083
-1.67956
-0.72397
2.84494
-12.6653
-4.09509
3.76353
-6.06077
-1.54337
1.00604
15.9521
11.3339
12.5098
2.8499
9.15174
-6.87087
6.02929
-10.8366
-6.82412
-9.64331
-2.52203
-2.28663
-3.1202
2.38119
-3.25744
7.59247
-0.840302
1.98241
-3.2836
6.7361
-1.35529
3.36939
-3.79702
3.47176
1.19148
5.45192
1.52531
0.37801
-0.37417
5.28222
-0.604095
-3.84126
-3.04641
-6.11833
5.78141
3.55662
-1.53175
-8.97788
4.31132
3.50398
3.23675
-2.61415
-0.234155
-0.204956
1.04015
-3.90472
-10.6854
-4.13584
8.88624
-0.234299
5.52336
-3.57213
1.65784
-1.63643
-4.15037
-1.82511
-6.50724
-10.4469
-3.36756
-2.43783
-6.51131
1.68821
-3.04831
2.22618
3.96706
5.05232
7.29416
8.63588
6.81239
6.14048
-3.48739
-5.64704
-8.71896
-3.71968
-4.09151
-2.44381
-5.04868
-8.25868
-2.76303
-0.510155
1.20933
-0.033062
-1.03404
-3.44928
7.36216
1.62484
4.21367
6.3686
6.26455
9.6145
6.35727
4.85026
-0.119681
-0.0648405
2.43212
-0.343593
-5.41504
-1.19234
-4.68307
1.47598
1.25737
3.1686
1.296
7.55303
-0.63399
-1.17754
-5.53898
-0.0633204
-4.35819
-4.11899
-1.82575
1.20249
-0.0754331
-0.903449
2.73347
-4.28815
-2.22274
-4.82637
-3.4812
-5.12905
-2.04707
-4.82547
-6.50003
-8.27969
-6.79205
-3.84385
-1.13577
4.10928
3.96728
5.39022
3.63498
0.789345
-0.78327
-1.32294
-0.0506113
1.7637
-3.82541
-1.99356
-4.41761
-3.57189
-1.91126
-4.89869
-7.46903
-5.23649
-3.88969
-6.25187
-0.207653
-4.04911
-1.49584
2.13662
-0.549483
-2.28416
-1.44694
4.24752
2.13799
1.60813
-2.31838
-4.01137
1.02099
-1.34528
-0.42061
-2.52391
1.4553
3.59508
5.27976
2.22399
7.75607
4.19719
3.16364
4.12383
-0.121884
-1.01158
1.26224
1.43965
1.26641
1.83883
-0.628845
1.10714
-0.473601
6.32356
2.48755
3.42132
-0.679052
0.787077
-2.21881
-3.47885
-3.22326
-1.37942
0.979414
3.32786
7.69702
-1.09962
3.97177
-1.04191
3.32961
0.579465
-0.243059
-3.30945
2.14287
3.74475
2.99348
-0.298514
-0.612694
-0.278288
-0.526182
2.18071
-3.69212
-1.58609
-0.707129
0.90485
-1.22349
-0.901698
-1.9778
4.68308
0.478149
2.5323
-3.47895
-4.4777
-2.1001
-4.26219
-3.99488
-2.6687
-2.14436
-2.7895
-3.03082
-0.182375
2.23859
2.43578
4.03308
0.584273
-1.53661
2.90168
2.57828
1.38259
3.64438
-1.22536
0.693503
-1.12427
1.22152
-2.56954
-0.16015
-1.37794
4.08498
1.34649
1.77139
1.84521
1.78197
0.520007
1.78918
0.436663
-2.73297
-0.0872526
-1.65308
-0.127196
0.239896
0.22148
-5.23925
0.852008
-0.424891
3.54892
-0.542133
0.0381645
-4.1984
0.391616
0.180344
