-0.455036
0.015311
-0.155268
-0.265740
0.007357
-0.357668
0.096955
-0.016693
-0.522825
0.011753
-0.494250
0.145642
0.500440
-0.327418
1.524486
2.497943
3.114415
3.513391
3.703182
3.654887
3.312316
2.549700
1.009491
0.438791
0.728428
0.847028
0.665440
0.845973
-0.093023
0.894766
0.564171
0.833555
2.832965
4.056502
4.795658
5.210779
5.367624
5.289101
4.969290
4.369694
3.397951
2.005428
1.136927
-0.109698
-0.662213
0.796209
0.792308
-0.298607
0.689449
0.993799
0.585744
2.912012
3.904974
4.452692
4.702334
4.702279
4.463632
3.973656
3.193260
1.994889
1.442556
1.825144
1.449868
-0.184459
1.652118
2.553780
3.023366
3.193966
3.265342
3.599423
4.155924
4.625562
4.904689
4.976185
4.834758
4.469208
3.861938
3.014547
2.008609
0.744499
-0.926983
0.484883
0.521735
-0.683230
0.250810
0.653278
0.625248
0.203955
0.412902
1.124551
1.199583
0.689447
-0.508660
0.187008
0.289957
-0.109692
-0.823982
-0.626217
0.027476
0.354080
0.214473
-0.518457
-0.345588
0.162943
0.200989
0.662527
1.401984
1.911992
2.231942
2.363074
2.267727
1.891701
1.167808
0.396738
0.114991
-0.793487
-0.733600
-0.646053
-1.136673
-0.011675
0.409023
0.508585
0.498400
0.419229
0.361102
0.457361
0.663823
0.839716
0.810926
0.489252
-0.139946
-0.988343
-2.003494
-1.017233
-0.297860
-0.041356
-0.133397
-0.374470
-0.506305
-0.412990
-0.307791
-0.151613
0.360311
0.779543
1.116576
1.369018
1.438112
1.291483
0.966773
0.544282
0.073789
-0.366722
-0.669441
-1.153306
-1.757864
-0.236335
0.292530
0.416277
0.285203
0.065337
0.100149
0.622584
1.137901
1.409276
1.418953
1.163206
0.610414
-0.191206
-0.033786
0.351071
0.488495
0.428912
0.159059
-0.355373
-0.800778
-0.646866
-0.185187
0.432905
0.731184
0.618944
0.453390
1.008354
1.383414
1.488130
1.399386
1.165341
0.851594
0.485486
-0.141067
-1.427704
-1.802742
-1.556154
-0.284600
-0.002509
-0.187385
-0.914237
0.098601
1.353827
2.053956
2.450033
2.623178
2.607139
2.404387
1.963951
1.028990
-0.177542
1.049131
1.105950
0.844944
1.009767
1.320767
1.302191
0.899926
1.662189
2.216060
2.293932
2.375501
2.921309
3.290533
3.374392
3.202295
2.775644
2.030075
0.520253
1.250435
2.022711
2.432527
2.671290
2.773288
2.723729
2.597914
2.589327
2.603509
2.647849
2.990474
3.316089
3.445179
3.388227
3.163436
2.741715
1.989912
1.495221
2.045418
2.185297
2.154867
2.245271
2.326328
2.202684
1.938512
2.000340
2.273310
2.368455
2.239623
1.960326
1.787960
1.934278
2.124742
2.030887
1.433176
1.751532
2.374777
2.624497
2.773506
2.969932
3.141241
3.151081
2.934004
2.646804
2.642647
2.639239
2.846848
3.297622
3.569431
3.631355
3.519478
3.242990
2.778648
2.090642
1.237523
0.793413
1.423719
2.002631
2.272338
2.312972
2.311254
2.445681
2.603643
2.693468
2.739447
2.772446
2.793933
2.785550
2.709655
2.502493
2.057808
1.128440
0.710940
1.270042
1.279704
1.101048
0.992613
1.115442
1.330007
1.405674
1.346597
1.410353
1.745285
2.116997
2.373481
2.459345
2.341865
1.970379
1.191176
0.101466
0.945551
1.171767
1.129197
1.190266
1.504925
1.746119
1.839287
1.918103
2.108215
2.345960
2.549608
2.682650
2.728062
2.686680
2.562783
2.339085
1.953254
1.415986
1.740934
2.232872
2.411471
2.332914
2.053488
1.659703
1.199299
0.687078
0.576661
0.851618
1.541178
2.122239
2.473909
2.639274
2.640624
2.464253
2.045966
1.211671
0.333752
0.625027
0.489835
1.113239
1.489649
1.503795
1.249334
0.786761
0.174027
-0.530951
-0.838749
0.233352
0.930806
1.278966
1.342756
1.181539
0.984351
1.084878
1.426700
1.684801
1.702634
1.404175
0.613983
0.331496
1.128660
1.446451
1.503397
1.364474
1.056037
0.778733
0.938890
1.074823
0.932576
0.513019
0.216647
0.612689
0.884304
0.876351
0.607979
0.031551
-0.670143
-0.110700
0.144558
0.050187
-0.271393
-0.685309
-1.147266
-1.620189
-0.517511
-0.015277
0.139709
0.122130
0.088645
0.145055
0.108896
-0.218034
-0.723651
-0.425917
-0.021068
0.085868
0.090807
0.371491
0.590433
0.544067
0.276208
0.344968
0.903667
1.263596
1.381297
1.322224
1.187096
1.113662
1.179397
1.331471
1.476258
1.539265
1.448399
1.149097
1.086067
1.537416
1.766325
1.689371
1.354393
1.171153
1.406080
1.505885
1.355716
0.937146
0.248160
0.052499
0.233737
0.260975
0.439538
0.561071
0.395925
-0.262769
-0.718717
0.408404
0.785577
0.814665
0.639686
0.394987
0.464746
1.000562
1.430344
1.643668
1.665613
1.544112
1.369060
1.241287
1.169479
1.101419
1.040070
1.046719
1.097495
1.112618
1.060606
0.910878
0.552478
-0.417854
-0.444575
0.324102
0.363852
-0.083877
-1.457223
-0.617737
0.152624
0.546995
0.781274
0.925905
1.010932
1.029172
0.978102
0.893124
0.710351
0.085788
-1.085540
0.489653
0.736270
0.413343
-0.051219
0.637294
0.964260
0.978339
0.780439
0.404504
-0.138278
-0.655560
-0.517379
-0.386164
-0.646303
-0.832497
-0.331234
0.008153
0.072997
-0.197933
-0.882419
-1.076027
-0.548219
-0.100274
0.218341
0.407583
0.473222
