15.5945
31.1891
46.7836
62.3782
77.9727
93.5673
109.162
124.756
140.351
155.945
171.54
187.135
202.729
218.324
233.918
249.513
265.107
280.702
296.296
311.891
327.485
343.08
358.674
374.269
389.864
405.458
421.053
436.647
452.242
467.836
483.431
499.025
514.62
530.214
545.809
561.404
576.998
592.593
608.187
623.782
639.376
654.971
670.565
686.16
701.754
717.349
732.943
748.538
764.133
779.727
795.322
810.916
826.511
842.105
857.7
873.294
888.889
904.483
920.078
935.673
951.267
966.862
982.456
998.051
1013.65
1029.24
1044.83
1060.43
1076.02
1091.62
1107.21
1122.81
1138.4
1154
1169.59
1185.19
1200.78
1216.37
1231.97
1247.56
1263.16
1278.75
1294.35
1309.94
1325.54
1341.13
1356.73
1372.32
1387.91
1403.51
1419.1
1434.7
1450.29
1465.89
1481.48
1497.08
1512.67
1528.27
1543.86
1559.45
1575.05
1590.64
1606.24
1621.83
1637.43
1653.02
1668.62
1684.21
1699.81
1715.4
1730.99
1746.59
1762.18
1777.78
1793.37
1808.97
1824.56
1840.16
1855.75
1871.35
1886.94
1902.53
1918.13
1933.72
1949.32
1964.91
1980.51
1996.1
2011.7
2027.29
2042.88
2058.48
2074.07
2089.67
2105.26
2120.86
2136.45
2152.05
2167.64
2183.24
2198.83
2214.42
2230.02
2245.61
2261.21
2276.8
2292.4
2307.99
2323.59
2339.18
2354.78
2370.37
2385.96
2401.56
2417.15
2432.75
2448.34
2463.94
2479.53
2495.13
2510.72
2526.32
2541.91
2557.5
2573.1
2588.69
2604.29
2619.88
2635.48
2651.07
2666.67
2682.26
2697.86
2713.45
2729.04
2744.64
2760.23
2775.83
2791.42
2807.02
2822.61
2838.21
2853.8
2869.4
2884.99
2900.58
2916.18
2931.77
2947.37
2962.96
2978.56
2994.15
3009.75
3025.34
3040.94
3056.53
3072.12
3087.72
3103.31
3118.91
3134.5
3150.1
3165.69
3181.29
3196.88
3212.48
3228.07
3243.66
3259.26
3274.85
3290.45
3306.04
3321.64
3337.23
3352.83
3368.42
3384.02
3399.61
3415.2
3430.8
3446.39
3461.99
3477.58
3493.18
3508.77
3524.37
3539.96
3555.56
3571.15
3586.74
3602.34
3617.93
3633.53
3649.12
3664.72
3680.31
3695.91
3711.5
3727.1
3742.69
3758.28
3773.88
3789.47
3805.07
3820.66
3836.26
3851.85
3867.45
3883.04
3898.64
3914.23
3929.82
3945.42
3961.01
3976.61
3992.2
4007.8
4023.39
4038.99
4054.58
4070.18
4085.77
4101.36
4116.96
4132.55
4148.15
4163.74
4179.34
4194.93
4210.53
4226.12
4241.72
4257.31
4272.9
4288.5
4304.09
4319.69
4335.28
4350.88
4366.47
4382.07
4397.66
4413.26
4428.85
4444.44
4460.04
4475.63
4491.23
4506.82
4522.42
4538.01
4553.61
4569.2
4584.8
4600.39
4615.98
4631.58
4647.17
4662.77
4678.36
4693.96
4709.55
4725.15
4740.74
4756.34
4771.93
4787.52
4803.12
4818.71
4834.31
4849.9
4865.5
4881.09
4896.69
4912.28
4927.88
4943.47
4959.06
4974.66
4990.25
5005.85
5021.44
5037.04
5052.63
5068.23
5083.82
5099.42
5115.01
5130.6
5146.2
5161.79
5177.39
5192.98
5208.58
5224.17
5239.77
5255.36
5270.96
5286.55
5302.14
5317.74
5333.33
5348.93
5364.52
5380.12
5395.71
5411.31
5426.9
5442.5
5458.09
5473.68
5489.28
5504.87
5520.47
5536.06
5551.66
5567.25
5582.85
5598.44
5614.04
5629.63
5645.22
5660.82
5676.41
5692.01
5707.6
5723.2
5738.79
5754.39
5769.98
5785.58
5801.17
5816.76
5832.36
5847.95
5863.55
5879.14
5894.74
5910.33
5925.93
5941.52
5957.12
5972.71
5988.3
6003.9
6019.49
6035.09
6050.68
6066.28
6081.87
6097.47
6113.06
6128.65
6144.25
6159.84
6175.44
6191.03
6206.63
6222.22
6237.82
6253.41
6269.01
6284.6
6300.19
6315.79
6331.38
6346.98
6362.57
6378.17
6393.76
6409.36
6424.95
6440.55
6456.14
6471.73
6487.33
6502.92
6518.52
6534.11
6549.71
6565.3
6580.9
6596.49
6612.09
6627.68
6643.27
6658.87
6674.46
6690.06
6705.65
6721.25
6736.84
6752.44
6768.03
6783.63
6799.22
6814.81
6830.41
6846
6861.6
6877.19
6892.79
6908.38
6923.98
6939.57
6955.17
6970.76
6986.35
7001.95
7017.54
7033.14
7048.73
7064.33
7079.92
7095.52
7111.11
7126.71
7142.3
7157.89
7173.49
7189.08
7204.68
7220.27
7235.87
7251.46
7267.06
7282.65
7298.25
7313.84
7329.43
7345.03
7360.62
7376.22
7391.81
7407.41
7423
7438.6
7454.19
7469.79
7485.38
7500.97
7516.57
7532.16
7547.76
7563.35
7578.95
7594.54
7610.14
7625.73
7641.33
7656.92
7672.51
7688.11
7703.7
7719.3
7734.89
7750.49
7766.08
7781.68
7797.27
7812.87
7828.46
7844.05
7859.65
7875.24
7890.84
7906.43
7922.03
7937.62
7953.22
7968.81
7984.41
8000
