-303.817967
-266.718598
-259.092574
-314.859588
-286.923211
-285.461322
-275.579396
-282.136417
-250.254713
-286.505484
-325.693719
-340.593403
-321.106414
-369.122934
-257.703308
-254.430321
-243.552258
-224.207463
-287.141755
-281.029274
-222.121141
-260.679831
-251.822248
-312.667947
-286.412778
-293.487451
-342.974469
-243.154110
-288.714029
-243.086782
-217.365907
-252.294717
-180.181381
-258.354210
-269.709194
-244.914596
-171.050747
-200.430096
-266.114709
-31.176384
1179.341616
1244.198000
1298.775024
1126.477078
1188.177393
1218.607927
1295.957607
1217.116347
1113.048112
1092.270334
1001.731004
928.836457
821.577864
628.176317
347.992087
71.354344
-81.364472
-199.750434
683.573272
972.718047
1172.204494
985.007072
855.162311
886.695523
891.787485
897.476029
901.506457
692.850958
468.180996
273.830592
-109.327513
-176.254456
-174.323675
-226.599202
688.746486
593.667359
887.567455
1124.298096
1168.844212
1207.422396
1015.905797
1126.366962
1171.872803
1058.181175
954.907787
956.070870
931.352515
985.413190
1009.073345
868.690689
799.338154
823.924882
706.361878
667.393433
604.988321
568.479654
485.233002
411.623124
299.884216
340.309908
409.626163
412.102468
564.793503
718.290825
929.928928
1029.516293
1108.558025
1060.759291
1116.994249
1073.277500
1042.315353
1094.383855
1037.871292
1137.686892
974.877095
910.814700
802.175088
695.684400
563.732908
426.803285
83.348032
-210.240491
-192.099472
-213.084014
-235.914098
-227.237222
661.461649
1265.004901
1099.559402
1041.313730
1072.017465
996.236956
1051.926356
1000.217028
882.259829
724.250532
580.611548
531.505627
523.542312
427.472306
427.096572
434.436298
488.799102
330.375554
374.548452
411.435157
416.655416
508.172129
639.303329
798.918328
917.628164
1002.868261
799.121701
470.398969
431.646327
47.537888
-163.790622
-72.104452
383.521727
59.317377
219.551006
159.028594
206.365363
233.475294
127.346546
298.005809
626.385246
718.130024
866.399423
986.067831
972.255685
982.082599
926.906298
938.322116
867.149991
805.076393
719.957598
609.559171
666.358111
739.273979
738.779678
735.864080
766.519077
827.780297
879.350173
959.080930
974.407072
1037.549636
1009.563271
1069.966698
1130.601617
1135.137508
1131.749387
1058.944233
956.559073
925.407412
1045.665221
1134.491599
1152.401849
1255.014844
1188.611919
1136.408059
1055.815743
964.999148
776.900985
815.285920
1093.256086
1111.533336
1102.024129
1123.473054
1159.398140
1205.788423
1289.571213
1281.862949
1127.377991
1002.517896
928.656772
681.611315
197.868658
183.037256
369.644594
351.656988
414.714755
634.621431
77.935953
-79.859028
-1.768536
801.718961
722.454955
1070.427347
1258.350092
1466.369674
1303.705095
1238.067877
1182.617080
1116.470259
977.857074
768.947747
1119.817760
1321.283302
1296.173391
1280.706353
1337.037893
1353.896639
1423.526695
1428.868945
1488.784874
885.992751
109.087059
116.868943
3.525321
22.889418
784.432720
1368.553621
1489.498691
1153.377285
860.768780
638.670133
266.802015
131.298400
109.969456
120.816073
103.291107
160.871712
594.847880
743.757729
813.576774
859.366605
967.820726
993.359855
974.840221
925.938356
892.923472
911.138695
744.345612
391.806111
-127.003742
-156.458568
844.507658
1306.020882
870.706741
885.433608
827.864467
813.808752
840.875967
674.473627
421.380953
-148.844767
-182.002906
-96.143944
1016.676606
1050.510225
818.632417
630.037644
626.933496
771.297606
756.347953
953.042139
1192.076979
1209.296883
1104.191389
935.804283
862.339684
1129.839975
1065.277342
979.922819
905.166664
833.722087
677.624689
563.417066
579.287881
373.375656
216.354647
54.503199
-192.798784
-211.647907
-181.415023
-193.275545
-245.743809
-249.907058
1165.570783
1363.472849
856.469116
764.777498
780.107627
789.034459
751.145124
608.627295
361.987154
30.772428
-17.558209
35.584103
67.086881
931.077279
868.493175
781.347692
769.540361
737.562424
735.062625
668.375285
604.951232
670.051891
727.735544
750.804072
853.558695
849.120331
950.214142
941.536989
831.054192
622.388166
247.781278
91.985138
58.737116
13.744738
74.616586
54.290202
60.056445
-15.025199
-244.066290
1171.445368
1203.222856
455.450764
387.935034
410.401677
448.348019
505.131347
749.251432
1233.838946
1366.886404
1417.588027
1397.917025
1398.677361
1462.550859
1420.191298
1416.256167
1399.435286
1400.260133
1458.669095
1334.329980
1013.867113
841.764861
1009.794007
1027.466794
1152.161788
1140.904367
954.420459
1026.042310
939.986813
856.290735
578.694758
386.868249
373.590728
229.525479
62.022592
183.692196
-48.865215
-254.909202
-228.256500
-189.264605
375.190692
646.685453
994.267627
1329.644564
1615.566741
2239.219682
2375.349705
2136.394228
1746.793659
2340.720415
2309.072187
1992.778554
2257.410806
1783.738958
1406.710249
1071.104598
861.413949
970.571528
1002.651074
1036.074654
1031.013531
945.094636
931.295654
904.618018
864.503297
804.950590
762.680430
720.556095
634.294048
629.770155
587.388968
529.703850
593.844850
609.344296
659.140375
724.468552
751.437337
765.734151
801.996404
627.678571
206.994662
29.456757
23.271700
231.927666
411.233975
487.703719
-4.950595
-23.404836
-160.958461
30.306370
223.972414
820.941613
1215.549692
915.729979
337.400857
209.268107
128.164060
160.831065
87.770498
165.073273
162.275503
190.396632
525.744556
501.424468
398.018965
540.781748
625.354332
626.732806
655.730230
635.561883
570.978080
514.613689
472.172301
408.184878
471.776691
374.939965
263.134132
177.239670
31.820640
-89.345374
-239.994469
-246.483469
-191.152169
-224.387099
-195.351670
985.971216
1163.795015
1029.309174
821.037484
660.752690
738.820097
847.639196
796.241284
839.834028
925.996388
1197.246156
1159.796533
1207.736744
1011.931053
1158.294380
629.353517
271.792610
-123.007286
-170.713525
-161.380597
-90.650956
-186.044408
-244.657361
-173.548802
-152.916716
-68.317222
-285.880344
-262.435822
-168.608261
-20.902022
130.521725
163.433059
175.821962
152.379571
213.577630
230.181502
309.751153
286.255739
318.427109
314.022831
306.819398
353.640448
362.888517
370.525760
352.639484
359.485097
384.849468
300.719277
243.354181
264.666218
160.036344
123.448489
47.730436
27.579632
-51.222147
-107.083689
-163.024454
-240.282947
-266.338021
-304.595148
-255.517225
-289.365120
-272.714253
-292.926827
-271.683905
699.155079
1266.404852
1076.233606
942.632914
925.371644
910.465361
737.022802
478.629156
353.868868
221.933578
100.380069
92.177688
18.029279
113.020608
265.322871
397.274238
571.247509
1127.411322
1060.155216
957.732911
1165.440135
1192.249494
1251.629225
1152.194526
1156.504422
1077.805001
1013.056797
1090.756015
1099.790413
1057.726828
996.092444
966.985922
853.325360
826.692018
809.105641
683.553865
595.795682
486.937530
340.838807
-26.996914
-73.239029
630.330918
867.552037
396.075941
266.820563
220.218608
242.767775
312.657534
426.974007
629.712150
839.195470
797.159150
909.320907
789.070484
250.267653
256.116443
399.162346
773.465147
429.343913
-168.150112
-254.950461
-268.598291
-252.490243
-239.776309
953.891319
1045.538687
1061.559424
1112.673744
1110.237226
1103.372842
1089.460944
1120.321055
1283.319009
1259.050855
1076.689672
1004.525540
746.037159
166.246037
-108.444330
-123.820185
-136.789154
-135.981017
823.926840
1264.651877
1301.085589
1252.241671
1102.334653
918.365587
859.613282
969.573240
1085.867862
1289.190479
1298.540411
1149.331349
852.674759
858.567471
921.284689
722.313557
734.473979
627.154488
630.380955
629.395157
647.616831
676.583607
861.674097
1110.489785
1262.030769
1350.702904
1322.896609
1304.364149
1347.424633
1177.048407
365.171499
173.187572
265.242254
576.857144
1345.341938
1318.548519
982.110025
829.046101
808.513091
603.131466
637.165825
193.719224
300.943519
405.262331
595.173210
727.110365
857.858959
798.256194
768.680689
595.706231
440.803064
233.024629
85.852767
859.095180
893.247814
716.806960
737.282195
691.190916
588.530225
475.646851
369.738353
381.443524
482.874242
473.726829
643.081151
806.824470
767.192878
968.929466
1240.375681
1159.275549
1090.188408
886.950477
987.976050
1161.180199
1179.644712
1234.569865
1258.509551
1250.292710
1183.398884
1206.894898
1250.987761
1219.675613
1161.902808
1244.031448
1202.584545
1275.079380
1355.359822
1284.802800
1142.228563
1045.479670
921.307550
698.790327
452.711866
590.660056
742.942900
1039.654821
1148.600550
478.529048
-51.280815
-121.782123
-165.167780
-195.245755
-201.361949
-234.592048
1393.698045
1293.941533
397.945483
370.753785
396.538803
312.521458
336.652598
367.780570
465.833553
1067.989960
1361.785435
1522.181735
1468.289995
1450.482580
1352.098294
1275.951521
1346.369842
1237.722117
1234.297975
1233.736433
1148.425313
886.659497
761.132038
908.470466
933.113543
953.440779
913.703899
826.916227
797.952827
816.315577
835.724770
821.059705
749.413276
556.787311
269.205444
184.154338
291.724013
344.266566
54.095387
-103.822301
-127.784422
-157.383669
-188.554889
-196.551289
-190.014801
-225.156989
-241.814187
-217.536622
-241.196455
-269.186376
-252.391655
-295.059436
-282.725874
-269.899393
-301.868196
-258.910049
-289.052484
-293.497180
-283.487777
-327.561657
-266.362471
-238.769208
-254.370235
-276.433492
-272.595896
-274.258208
-339.891702
-286.479279
-230.933248
-276.618306
-250.638145
-298.070522
-256.966406
-269.298010
-255.820076
-282.674678
-220.063407
-216.081572
-201.946507
-210.156516
-237.327892
-231.259262
-224.707424
-226.241466
-260.405508
-200.163007
-228.662891
-238.067360
-223.194817
-17.675213
-132.917555
-251.926507
-301.236704
-276.880640
-279.096105
-558.169042
-2672.065772
