-4.255003 -0.455036 -0.983855 15.5945
-3.969654 0.015311 -1.019095 31.1891
-3.590357 -0.155268 -0.763436 46.7836
-3.749614 -0.265740 -1.137447 62.3782
-4.332393 0.007357 -1.489609 77.9727
-3.246213 -0.357668 -0.485296 93.5673
-2.034612 0.096955 -0.633429 109.162
-1.319109 -0.016693 -1.141264 124.756
-0.979311 -0.522825 -0.425962 140.351
-0.977155 0.011753 -0.074565 155.945
-1.419263 -0.494250 0.071599 171.54
-3.245094 0.145642 0.137938 187.135
-1.274480 0.500440 0.239791 202.729
-0.600740 -0.327418 0.287232 218.324
-0.243753 1.524486 0.162441 233.918
-0.047415 2.497943 -0.215840 249.513
-0.001115 3.114415 -0.465028 265.107
-0.148169 3.513391 0.044372 280.702
-0.517181 3.703182 0.071255 296.296
-0.668685 3.654887 -0.704743 311.891
-0.382493 3.312316 -1.515022 327.485
-0.382654 2.549700 -0.831333 343.08
-0.876277 1.009491 -1.472408 358.674
-0.605871 0.438791 -0.648965 374.269
0.179530 0.728428 0.171317 389.864
0.582247 0.847028 0.506407 405.458
0.746602 0.665440 0.472888 421.053
0.710821 0.845973 0.271875 436.647
0.458737 -0.093023 0.139899 452.242
-0.035976 0.894766 -0.218749 467.836
-0.529429 0.564171 -0.363857 483.431
-0.554548 0.833555 0.036355 499.025
-0.718617 2.832965 0.051196 514.62
-0.963571 4.056502 -0.547669 530.214
-0.556939 4.795658 -1.081657 545.809
-0.256700 5.210779 0.101778 561.404
-0.256933 5.367624 0.178640 576.998
-0.518348 5.289101 -0.208219 592.593
-1.023109 4.969290 0.166690 608.187
-1.797201 4.369694 0.366965 623.782
-1.690579 3.397951 0.064886 639.376
-1.178184 2.005428 -0.963496 654.971
-1.010791 1.136927 -0.896829 670.565
-0.853461 -0.109698 -0.009711 686.16
-0.541639 -0.662213 0.223961 701.754
-0.272160 0.796209 0.096484 717.349
-0.113563 0.792308 -0.540914 732.943
-0.048121 -0.298607 -1.435291 748.538
-0.051996 0.689449 -0.843458 764.133
-0.099068 0.993799 -0.688664 779.727
-0.197642 0.585744 0.504396 795.322
-0.413822 2.912012 0.953231 810.916
-0.572226 3.904974 0.956825 826.511
-0.209392 4.452692 0.597700 842.105
0.116712 4.702334 0.030114 857.7
0.194298 4.702279 -0.061938 873.294
0.063777 4.463632 -0.316142 888.889
-0.200744 3.973656 -0.234828 904.483
-0.568849 3.193260 0.592188 920.078
-1.091734 1.994889 0.905231 935.673
-1.369428 1.442556 0.995070 951.267
-1.152088 1.825144 1.133329 966.862
-0.527309 1.449868 1.360195 982.456
0.038153 -0.184459 1.523917 998.051
0.283069 1.652118 1.511758 1013.65
0.174977 2.553780 1.293006 1029.24
-0.477690 3.023366 0.966814 1044.83
-1.023159 3.193966 0.838739 1060.43
0.006933 3.265342 0.903809 1076.02
0.281820 3.599423 0.862286 1091.62
0.178576 4.155924 0.716056 1107.21
-0.262493 4.625562 0.650123 1122.81
-1.128941 4.904689 0.551930 1138.4
-2.010966 4.976185 0.635192 1154
-2.420904 4.834758 0.852696 1169.59
-2.424497 4.469208 0.722871 1185.19
-1.110900 3.861938 0.005164 1200.78
-0.640963 3.014547 -0.888162 1216.37
-0.505902 2.008609 -0.520566 1231.97
-0.589724 0.744499 -0.984003 1247.56
-0.784501 -0.926983 0.287393 1263.16
-0.942850 0.484883 0.793361 1278.75
-1.033125 0.521735 0.948999 1294.35
-1.139717 -0.683230 1.036854 1309.94
-1.263877 0.250810 1.141553 1325.54
-1.375474 0.653278 1.249805 1341.13
-1.628102 0.625248 1.305257 1356.73
-2.130343 0.203955 1.139485 1372.32
-1.878309 0.412902 0.891740 1387.91
-1.459658 1.124551 1.182589 1403.51
-1.268272 1.199583 1.408666 1419.1
-1.125168 0.689447 1.377048 1434.7
-0.979013 -0.508660 1.200658 1450.29
-0.901134 0.187008 1.115979 1465.89
-0.928291 0.289957 1.152919 1481.48
-0.840866 -0.109692 0.998944 1497.08
-0.524923 -0.823982 0.591634 1512.67
-0.295995 -0.626217 0.366650 1528.27
-0.262106 0.027476 0.300350 1543.86
-0.402892 0.354080 0.305205 1559.45
-0.646707 0.214473 0.536504 1575.05
-0.875994 -0.518457 0.771036 1590.64
-1.026775 -0.345588 0.840142 1606.24
-0.986285 0.162943 0.746426 1621.83
-0.777158 0.200989 0.893645 1637.43
-0.712451 0.662527 1.250820 1653.02
-0.897020 1.401984 1.539260 1668.62
-0.988394 1.911992 1.663763 1684.21
-0.622205 2.231942 1.571938 1699.81
-0.295461 2.363074 1.303692 1715.4
-0.083160 2.267727 1.035640 1730.99
0.060659 1.891701 0.894144 1746.59
0.156557 1.167808 0.579602 1762.18
0.226410 0.396738 -0.335917 1777.78
0.278579 0.114991 0.979430 1793.37
0.282371 -0.793487 1.435889 1808.97
0.194656 -0.733600 1.418131 1824.56
0.002508 -0.646053 1.111270 1840.16
-0.205009 -1.136673 0.573755 1855.75
-0.183735 -0.011675 -0.933390 1871.35
0.061259 0.409023 -0.092648 1886.94
0.297853 0.508585 0.553707 1902.53
0.418161 0.498400 0.962593 1918.13
0.374300 0.419229 1.517220 1933.72
0.115386 0.361102 2.028449 1949.32
-0.467451 0.457361 2.323923 1964.91
-1.757531 0.663823 2.380118 1980.51
-1.706779 0.839716 2.245256 1996.1
-1.303582 0.810926 2.039428 2011.7
-0.950098 0.489252 1.845515 2027.29
-0.538385 -0.139946 1.522971 2042.88
-0.329955 -0.988343 0.665301 2058.48
-0.309140 -2.003494 0.389492 2074.07
-0.422401 -1.017233 1.378342 2089.67
-0.664646 -0.297860 1.652140 2105.26
-1.002804 -0.041356 1.713142 2120.86
-0.892335 -0.133397 1.763315 2136.45
-0.537820 -0.374470 1.871477 2152.05
-0.414909 -0.506305 2.024883 2167.64
-0.419826 -0.412990 2.095045 2183.24
-0.327444 -0.307791 1.947506 2198.83
-0.271853 -0.151613 1.656493 2214.42
-0.511804 0.360311 1.747785 2230.02
-1.258196 0.779543 1.920534 2245.61
-1.232439 1.116576 1.888008 2261.21
-0.816358 1.369018 1.815868 2276.8
-1.005865 1.438112 1.854504 2292.4
-1.622361 1.291483 1.993698 2307.99
-1.079892 0.966773 2.108559 2323.59
-0.640330 0.544282 2.048797 2339.18
-0.431601 0.073789 1.777848 2354.78
-0.201345 -0.366722 1.395277 2370.37
0.051096 -0.669441 1.097866 2385.96
0.194194 -1.153306 0.826287 2401.56
0.157279 -1.757864 0.507867 2417.15
-0.116545 -0.236335 0.911154 2432.75
-0.804345 0.292530 1.232697 2448.34
-1.869999 0.416277 1.196167 2463.94
-0.668700 0.285203 1.124204 2479.53
-0.301365 0.065337 1.590474 2495.13
-0.263961 0.100149 2.102772 2510.72
-0.350976 0.622584 2.377468 2526.32
-0.342676 1.137901 2.378770 2541.91
-0.229692 1.409276 2.034779 2557.5
-0.137439 1.418953 1.640826 2573.1
-0.100352 1.163206 2.315280 2588.69
-0.136621 0.610414 2.705277 2604.29
-0.271881 -0.191206 2.781848 2619.88
-0.476532 -0.033786 2.693829 2635.48
-0.633166 0.351071 2.620192 2651.07
-0.724576 0.488495 2.604435 2666.67
-0.884786 0.428912 2.523833 2682.26
-1.184124 0.159059 2.329615 2697.86
-1.567334 -0.355373 2.224698 2713.45
-1.800293 -0.800778 2.402493 2729.04
-1.898764 -0.646866 2.525678 2744.64
-2.082975 -0.185187 2.402660 2760.23
-2.142221 0.432905 2.021177 2775.83
-1.897511 0.731184 1.800374 2791.42
-1.658885 0.618944 2.023647 2807.02
-1.583925 0.453390 2.240861 2822.61
-1.570650 1.008354 2.385478 2838.21
-1.276999 1.383414 2.352029 2853.8
-0.860009 1.488130 2.131462 2869.4
-0.578930 1.399386 2.167403 2884.99
-0.476468 1.165341 2.605982 2900.58
-0.531294 0.851594 2.934686 2916.18
-0.661067 0.485486 3.043324 2931.77
-0.750406 -0.141067 2.974353 2947.37
-0.798403 -1.427704 2.963482 2962.96
-0.856603 -1.802742 3.170471 2978.56
-0.952830 -1.556154 3.361064 2994.15
-1.278785 -0.284600 3.440684 3009.75
-2.404343 -0.002509 3.410206 3025.34
-1.082295 -0.187385 3.217922 3040.94
-0.471382 -0.914237 2.740199 3056.53
-0.315460 0.098601 2.451733 3072.12
-0.349469 1.353827 3.038337 3087.72
-0.277787 2.053956 3.322042 3103.31
-0.175925 2.450033 3.298038 3118.91
-0.314019 2.623178 2.972721 3134.5
-0.825101 2.607139 2.324992 3150.1
-0.735762 2.404387 2.436420 3165.69
-0.136391 1.963951 2.889852 3181.29
0.087361 1.028990 3.048264 3196.88
-0.009436 -0.177542 2.993591 3212.48
-0.469881 1.049131 2.780866 3228.07
-1.659369 1.105950 2.663148 3243.66
-2.017417 0.844944 2.910184 3259.26
-0.989825 1.009767 3.154683 3274.85
-0.411045 1.320767 3.203576 3290.45
-0.167650 1.302191 2.984970 3306.04
-0.354114 0.899926 2.297471 3321.64
-1.325891 1.662189 0.519888 3337.23
-0.803428 2.216060 2.388230 3352.83
-0.171402 2.293932 2.874472 3368.42
-0.071683 2.375501 3.167044 3384.02
-0.133300 2.921309 3.401966 3399.61
0.022032 3.290533 3.568775 3415.2
0.203546 3.374392 3.723614 3430.8
0.149026 3.202295 4.009281 3446.39
-0.190182 2.775644 4.330256 3461.99
-0.635715 2.030075 4.521400 3477.58
-0.709810 0.520253 4.540190 3493.18
-0.662936 1.250435 4.388029 3508.77
-0.441760 2.022711 4.077049 3524.37
-0.111598 2.432527 3.782683 3539.96
0.110936 2.671290 3.848588 3555.56
0.131606 2.773288 3.940970 3571.15
-0.173497 2.723729 3.912340 3586.74
-0.295842 2.597914 4.024632 3602.34
0.525564 2.589327 4.216478 3617.93
1.030909 2.603509 4.173510 3633.53
1.261642 2.647849 3.685224 3649.12
1.275446 2.990474 3.438955 3664.72
1.080001 3.316089 4.117987 3680.31
0.669876 3.445179 4.269303 3695.91
0.120423 3.388227 4.122975 3711.5
-0.218282 3.163436 4.313371 3727.1
-0.265938 2.741715 4.685100 3742.69
-0.311146 1.989912 4.853213 3758.28
-0.328257 1.495221 4.836256 3773.88
0.040706 2.045418 4.691071 3789.47
0.420163 2.185297 4.457209 3805.07
0.583958 2.154867 4.136755 3820.66
0.563000 2.245271 3.620733 3836.26
0.390978 2.326328 2.165264 3851.85
0.084059 2.202684 3.401357 3867.45
0.044882 1.938512 4.071486 3883.04
0.503755 2.000340 4.215152 3898.64
0.831976 2.273310 3.967723 3914.23
0.928673 2.368455 3.188733 3929.82
0.809297 2.239623 2.697235 3945.42
0.518439 1.960326 3.617988 3961.01
0.235421 1.787960 4.139339 3976.61
0.156158 1.934278 4.578799 3992.2
0.187240 2.124742 4.919312 4007.8
0.257198 2.030887 5.128915 4023.39
0.304993 1.433176 5.254989 4038.99
0.322614 1.751532 5.380207 4054.58
0.374919 2.374777 5.499588 4070.18
0.455102 2.624497 5.537746 4085.77
0.502872 2.773506 5.456653 4101.36
0.498597 2.969932 5.270910 4116.96
0.455616 3.141241 5.022700 4132.55
0.383878 3.151081 4.719610 4148.15
0.274781 2.934004 4.263514 4163.74
0.137421 2.646804 3.533716 4179.34
0.047299 2.642647 3.717418 4194.93
0.116059 2.639239 4.084543 4210.53
0.304892 2.846848 4.001945 4226.12
0.446621 3.297622 3.639664 4241.72
0.445667 3.569431 3.776067 4257.31
0.280936 3.631355 4.059818 4272.9
-0.016931 3.519478 4.198430 4288.5
-0.289802 3.242990 4.412761 4304.09
-0.273795 2.778648 4.668542 4319.69
-0.129991 2.090642 4.911705 4335.28
-0.133746 1.237523 5.223498 4350.88
-0.451461 0.793413 5.549794 4366.47
-1.668159 1.423719 5.770514 4382.07
-0.811997 2.002631 5.837284 4397.66
0.054485 2.272338 5.741651 4413.26
0.460653 2.312972 5.485041 4428.85
0.623596 2.311254 5.081819 4444.44
0.538953 2.445681 4.659554 4460.04
0.092842 2.603643 4.643548 4475.63
-1.204412 2.693468 4.962142 4491.23
-0.459278 2.739447 5.247673 4506.82
0.006967 2.772446 5.397072 4522.42
-0.016442 2.793933 5.389582 4538.01
-0.342647 2.785550 5.244580 4553.61
-1.009564 2.709655 5.034793 4569.2
-2.545342 2.502493 4.850465 4584.8
-1.289710 2.057808 4.694771 4600.39
-0.802048 1.128440 4.541435 4615.98
-0.808642 0.710940 4.402696 4631.58
-1.099792 1.270042 4.318483 4647.17
-1.149441 1.279704 4.366320 4662.77
-1.256011 1.101048 4.479578 4678.36
-1.528706 0.992613 4.492012 4693.96
-0.966751 1.115442 4.303373 4709.55
-0.795891 1.330007 4.044805 4725.15
-1.134228 1.405674 4.187271 4740.74
-1.665955 1.346597 4.267909 4756.34
-1.687006 1.410353 3.934817 4771.93
-1.698242 1.745285 3.617559 4787.52
-1.276617 2.116997 4.030746 4803.12
-0.611266 2.373481 4.177440 4818.71
-0.069109 2.459345 4.149648 4834.31
0.261735 2.341865 4.286618 4849.9
0.418723 1.970379 4.773028 4865.5
0.460378 1.191176 5.192630 4881.09
0.417022 0.101466 5.376827 4896.69
0.286301 0.945551 5.375242 4912.28
0.068075 1.171767 5.343805 4927.88
-0.233639 1.129197 5.363215 4943.47
-0.711985 1.190266 5.291788 4959.06
-1.630142 1.504925 4.996623 4974.66
-0.981677 1.746119 4.347110 4990.25
-0.459880 1.839287 2.558246 5005.85
-0.354587 1.918103 3.464703 5021.44
-0.441427 2.108215 3.985731 5037.04
-0.331264 2.345960 4.098934 5052.63
0.087621 2.549608 4.056141 5068.23
0.411818 2.682650 3.904865 5083.82
0.514428 2.728062 3.687178 5099.42
0.372579 2.686680 3.482128 5115.01
-0.045861 2.562783 3.243607 5130.6
-0.546675 2.339085 3.260966 5146.2
-0.250016 1.953254 4.086796 5161.79
0.065029 1.415986 4.733412 5177.39
0.161742 1.740934 5.142864 5192.98
0.122626 2.232872 5.390312 5208.58
0.004665 2.411471 5.511824 5224.17
-0.197431 2.332914 5.505626 5239.77
-0.509172 2.053488 5.349339 5255.36
-0.668526 1.659703 5.014577 5270.96
-0.415114 1.199299 4.468742 5286.55
-0.215034 0.687078 3.800043 5302.14
-0.203447 0.576661 3.766791 5317.74
-0.410722 0.851618 3.918774 5333.33
-1.084492 1.541178 3.828112 5348.93
-1.949967 2.122239 3.700286 5364.52
-0.534460 2.473909 3.559891 5380.12
-0.125326 2.639274 2.974357 5395.71
-0.033536 2.640624 3.514111 5411.31
-0.115105 2.464253 4.165866 5426.9
-0.325299 2.045966 4.315703 5442.5
-0.745390 1.211671 4.085696 5458.09
-2.019265 0.333752 3.447521 5473.68
-1.263053 0.625027 2.372410 5489.28
-0.453190 0.489835 2.547856 5504.87
-0.299555 1.113239 3.264190 5520.47
-0.705324 1.489649 3.720865 5536.06
-0.762819 1.503795 3.928270 5551.66
0.190252 1.249334 3.980287 5567.25
0.625591 0.786761 3.967839 5582.85
0.749388 0.174027 3.958614 5598.44
0.627442 -0.530951 3.932046 5614.04
0.265887 -0.838749 3.780277 5629.63
-0.325985 0.233352 3.346785 5645.22
-0.933526 0.930806 2.809956 5660.82
-1.059297 1.278966 3.687242 5676.41
-0.506573 1.342756 4.186346 5692.01
0.024276 1.181539 4.333618 5707.6
0.328762 0.984351 4.231361 5723.2
0.435457 1.084878 3.978937 5738.79
0.343777 1.426700 3.826231 5754.39
-0.010560 1.684801 4.023713 5769.98
-0.588816 1.702634 4.301320 5785.58
-0.080557 1.404175 4.444116 5801.17
0.444274 0.613983 4.419335 5816.76
0.674158 0.331496 4.223111 5832.36
0.715210 1.128660 3.798418 5847.95
0.647982 1.446451 2.785199 5863.55
0.546410 1.503397 2.615733 5879.14
0.436651 1.364474 3.571535 5894.74
0.285198 1.056037 3.779849 5910.33
0.072489 0.778733 3.601853 5925.93
-0.119461 0.938890 3.098371 5941.52
-0.092358 1.074823 3.205235 5957.12
0.119151 0.932576 3.806811 5972.71
0.292277 0.513019 4.182955 5988.3
0.339949 0.216647 4.388223 6003.9
0.268692 0.612689 4.457604 6019.49
0.115588 0.884304 4.404959 6035.09
-0.092959 0.876351 4.250042 6050.68
-0.354091 0.607979 4.029766 6066.28
-0.641766 0.031551 3.799809 6081.87
-0.701520 -0.670143 3.584050 6097.47
-0.479592 -0.110700 3.376218 6113.06
-0.400285 0.144558 3.588660 6128.65
-0.589515 0.050187 3.999176 6144.25
-0.942358 -0.271393 4.162876 6159.84
-1.041151 -0.685309 4.066945 6175.44
-0.977075 -1.147266 3.843386 6191.03
-1.163711 -1.620189 3.755647 6206.63
-1.706961 -0.517511 3.646179 6222.22
-1.126034 -0.015277 2.952246 6237.82
-0.548143 0.139709 2.986127 6253.41
-0.266686 0.122130 4.066056 6269.01
-0.147504 0.088645 4.451741 6284.6
-0.201054 0.145055 4.534054 6300.19
-0.494993 0.108896 4.448756 6315.79
-1.053356 -0.218034 4.335009 6331.38
-1.365809 -0.723651 4.270935 6346.98
-0.971537 -0.425917 4.185013 6362.57
-0.514926 -0.021068 3.984769 6378.17
-0.175863 0.085868 3.578450 6393.76
0.016820 0.090807 2.834375 6409.36
0.087794 0.371491 3.031606 6424.95
0.101305 0.590433 3.672286 6440.55
0.153552 0.544067 3.978820 6456.14
0.257751 0.276208 4.070769 6471.73
0.325164 0.344968 4.121960 6487.33
0.290037 0.903667 4.354889 6502.92
0.127922 1.263596 4.620208 6518.52
-0.172108 1.381297 4.748808 6534.11
-0.593012 1.322224 4.727172 6549.71
-0.875189 1.187096 4.596443 6565.3
-0.714027 1.113662 4.459162 6580.9
-0.542479 1.179397 4.504776 6596.49
-0.574330 1.331471 4.720530 6612.09
-0.830045 1.476258 4.886697 6627.68
-0.771145 1.539265 4.891762 6643.27
-0.191157 1.448399 4.704192 6658.87
0.195502 1.149097 4.368668 6674.46
0.339455 1.086067 4.208831 6690.06
0.262085 1.537416 4.368752 6705.65
-0.028861 1.766325 4.459395 6721.25
-0.491501 1.689371 4.329523 6736.84
-0.896260 1.354393 3.938530 6752.44
-0.885216 1.171153 3.664144 6768.03
-0.681271 1.406080 3.913755 6783.63
-0.664048 1.505885 3.964004 6799.22
-0.952816 1.355716 3.857741 6814.81
-1.054830 0.937146 4.128954 6830.41
-0.629614 0.248160 4.511683 6846
-0.405285 0.052499 4.716494 6861.6
-0.386726 0.233737 4.754784 6877.19
-0.495495 0.260975 4.663533 6892.79
-0.714636 0.439538 4.474939 6908.38
-0.993374 0.561071 4.214547 6923.98
-0.899216 0.395925 3.868404 6939.57
-0.477273 -0.262769 3.377738 6955.17
-0.162706 -0.718717 3.432082 6970.76
0.007053 0.408404 4.041988 6986.35
0.070638 0.785577 4.377633 7001.95
0.044460 0.814665 4.469016 7017.54
-0.090875 0.639686 4.423181 7033.14
-0.358706 0.394987 4.406431 7048.73
-0.722769 0.464746 4.451044 7064.33
-1.049896 1.000562 4.423297 7079.92
-1.214151 1.430344 4.253555 7095.52
-0.947487 1.643668 3.927599 7111.11
-0.494386 1.665613 3.444726 7126.71
-0.154556 1.544112 2.888575 7142.3
0.036747 1.369060 2.382108 7157.89
0.066297 1.241287 2.126579 7173.49
-0.031065 1.169479 2.584170 7189.08
-0.099104 1.101419 3.081458 7204.68
-0.080624 1.040070 3.505602 7220.27
-0.090496 1.046719 3.753908 7235.87
-0.063883 1.097495 3.853581 7251.46
-0.019852 1.112618 3.924695 7267.06
-0.201859 1.060606 3.961073 7282.65
-0.955213 0.910878 3.844048 7298.25
-1.984450 0.552478 3.555432 7313.84
-0.683431 -0.417854 3.306221 7329.43
-0.469956 -0.444575 3.326701 7345.03
-0.514187 0.324102 3.581455 7360.62
-0.573174 0.363852 3.826814 7376.22
-0.644609 -0.083877 3.836015 7391.81
-0.790295 -1.457223 3.484307 7407.41
-0.951409 -0.617737 2.749236 7423
-1.007606 0.152624 3.408341 7438.6
-0.753841 0.546995 3.917469 7454.19
-0.359278 0.781274 4.070684 7469.79
-0.111610 0.925905 4.018422 7485.38
-0.068009 1.010932 3.965309 7500.97
-0.223701 1.029172 4.007334 7516.57
-0.557692 0.978102 3.963973 7532.16
-0.968187 0.893124 3.745341 7547.76
-1.121714 0.710351 3.415399 7563.35
-0.966998 0.085788 3.141250 7578.95
-0.858853 -1.085540 3.000765 7594.54
-0.885234 0.489653 2.846724 7610.14
-0.873918 0.736270 2.676637 7625.73
-0.768135 0.413343 2.845800 7641.33
-0.838130 -0.051219 3.080684 7656.92
-1.283453 0.637294 3.126103 7672.51
-1.790726 0.964260 2.983240 7688.11
-1.393773 0.978339 2.691469 7703.7
-1.332387 0.780439 2.404136 7719.3
-1.546058 0.404504 2.387516 7734.89
-1.602616 -0.138278 2.554076 7750.49
-1.629672 -0.655560 2.671600 7766.08
-1.921622 -0.517379 2.642809 7781.68
-2.209495 -0.386164 2.471697 7797.27
-2.151431 -0.646303 2.243524 7812.87
-2.233698 -0.832497 2.164355 7828.46
-2.414977 -0.331234 2.210684 7844.05
-2.440764 0.008153 2.088209 7859.65
-2.410242 0.072997 1.685909 7875.24
-2.358119 -0.197933 1.428343 7890.84
-2.337008 -0.882419 1.697719 7906.43
-2.307558 -1.076027 1.682452 7922.03
-2.197160 -0.548219 0.834856 7937.62
-2.110493 -0.100274 0.957008 7953.22
-2.173421 0.218341 1.835034 7968.81
-2.611097 0.407583 1.877386 7984.41
-4.101945 0.473222 1.692275 8000
