-286.413 604.988 1417.59 15.5945
-18.1047 79.8702 -456.987 31.1891
-99.4726 -110.888 -347.586 46.7836
42.8457 150.163 29.9494 62.3782
-30.8009 160.896 13.1715 77.9727
27.0071 -15.0948 12.6566 93.5673
-89.9834 -117.123 -108.758 109.162
-7.02006 -61.2514 54.0572 124.756
7.29232 -94.4578 -45.3231 140.351
38.8083 -3.58306 4.48958 155.945
-96.9983 -96.5253 -19.568 171.54
-29.2973 -67.2405 9.26807 187.135
-52.8242 -16.0741 -7.83768 202.729
-11.5022 -25.6354 12.5005 218.324
-57.7677 16.1812 -6.30777 233.918
-16.3422 11.4155 20.8857 249.513
-18.4713 -20.7661 -13.8038 265.107
-4.75568 -5.00263 25.3098 280.702
-37.6079 -1.77188 -14.0766 296.296
34.3059 39.9128 12.5072 311.891
-21.8388 -59.8086 -49.7575 327.485
-43.9669 -67.4782 10.0932 343.08
-18.2627 -12.3122 12.9614 358.674
-58.592 -75.4787 -1.06782 374.269
-60.1003 -27.0168 -20.0733 389.864
-0.770718 -11.0523 -14.495 405.458
-21.8856 -14.7916 -23.8806 421.053
-4.79532 50.3017 -13.0822 436.647
-38.7469 4.43104 -3.83499 452.242
-28.2458 42.3294 -15.479 467.836
-20.5807 19.697 3.83656 483.431
-17.0246 14.8298 21.2093 499.025
9.69514 -20.8245 29.3318 514.62
-12.4401 -35.4622 -4.20365 530.214
-19.3581 -11.2714 -13.8992 545.809
-6.76612 -12.7015 -10.5992 561.404
1.95588 2.24957 38.9074 576.998
0.532323 -54.5463 12.1544 592.593
-4.2491 17.238 -47.2275 608.187
-10.4063 -23.1822 11.2971 623.782
6.49049 -3.7988 -22.7886 639.376
-25.499 -14.3713 -40.09 654.971
-2.82698 -4.61975 -9.60279 670.565
25.78 -21.2167 23.4847 686.16
4.48435 -23.6823 -22.3423 701.754
-1.22118 -24.9476 -26.1915 717.349
-1.25504 -23.9581 10.14 732.943
-18.9982 -11.4289 4.73044 748.538
-29.7075 -47.2658 18.9104 764.133
-2.68475 -19.2438 3.92755 779.727
-5.36948 34.3492 -10.1851 795.322
-17.4532 9.06956 1.06266 810.916
-9.83987 -3.09834 -21.466 826.511
4.42197 27.8176 -45.5881 842.105
-20.672 27.9502 -38.8787 857.7
-11.1493 51.7733 36.389 873.294
-13.7558 166.056 22.9742 888.889
-5.18718 140.909 -34.3239 904.483
-25.5817 55.5794 13.4337 920.078
-24.7906 2.42355 27.0611 935.673
18.4888 10.9978 -18.1836 951.267
16.9597 10.808 -3.54687 966.862
36.2857 1.52299 -15.7762 982.456
-11.8019 -33.2288 -7.20734 998.051
-19.1322 -23.431 21.6369 1013.65
1.76646 -46.5033 -7.24119 1029.24
23.0551 4.54393 13.8229 1044.83
3.94065 -3.01637 -18.8093 1060.43
-26.1893 -23.0908 12.5289 1076.02
2.55272 -39.2946 -7.80065 1091.62
-39.4991 -14.9961 9.46666 1107.21
-1.23674 7.46672 0.66523 1122.81
10.393 -10.3296 0.323642 1138.4
-7.85616 -5.06867 4.78427 1154
9.87723 -3.8215 17.9024 1169.59
26.3038 -0.822729 20.8565 1185.19
8.03094 -4.51539 -9.93409 1200.78
-1.81238 11.0344 17.5987 1216.37
-7.67294 -13.7575 -4.35902 1231.97
16.2592 -4.01079 12.4847 1247.56
-11.3941 -30.2862 8.51126 1263.16
-21.3122 -3.15246 15.1506 1278.75
7.59193 3.40253 12.8138 1294.35
-2.67087 27.9476 10.6219 1309.94
-16.2552 0.970923 11.098 1325.54
-7.20514 -12.5813 -13.7997 1341.13
5.38755 -0.871116 11.1643 1356.73
-0.226444 -21.5598 -31.8954 1372.32
-5.87873 -35.1233 21.3816 1387.91
27.3361 -0.655136 13.2394 1403.51
-22.1525 12.7382 -22.7559 1419.1
0.714448 -24.9854 -0.183058 1434.7
9.86161 19.9863 -21.1597 1450.29
-1.3108 -5.37326 -28.0282 1465.89
1.51193 10.0051 -8.18668 1481.48
-8.29461 2.51388 4.82338 1497.08
-23.0213 -13.3539 4.55684 1512.67
-27.4189 -12.1476 8.16482 1528.27
-9.79314 11.7751 41.1972 1543.86
-21.3331 -28.9949 2.64117 1559.45
-2.80613 -19.4494 -17.0317 1575.05
16.1797 -13.0612 -8.47618 1590.64
-6.82641 -10.3808 -0.882443 1606.24
-4.07767 -9.85123 -9.12209 1621.83
-13.9106 24.5188 7.6254 1637.43
2.71831 -7.10416 -21.3605 1653.02
-8.34282 1.57397 5.19204 1668.62
7.94189 10.3419 4.99227 1684.21
-1.73866 4.9039 -12.1462 1699.81
31.6507 9.07972 0.529793 1715.4
6.71097 16.5608 -4.65575 1730.99
-7.89599 -7.20259 5.26345 1746.59
11.4059 46.7672 4.91599 1762.18
2.98639 42.0345 10.3738 1777.78
11.009 -19.4677 16.9955 1793.37
34.4072 -17.5582 9.33536 1808.97
-2.66713 12.0362 2.52715 1824.56
26.2315 0.231423 11.3105 1840.16
9.3438 -3.87277 -10.7851 1855.75
-1.03604 3.91979 -0.403047 1871.35
3.21886 5.77421 4.09253 1886.94
-4.17216 1.16845 3.94542 1902.53
-2.64185 18.6053 0.806291 1918.13
2.18449 -3.12074 17.3127 1933.72
-7.42158 -13.429 19.442 1949.32
3.81505 -0.078589 -22.7496 1964.91
24.2889 4.76059 -6.88459 1980.51
4.20263 6.2631 -4.95249 1996.1
0.964396 0.142297 -7.80475 2011.7
-10.0775 -24.7402 -11.0435 2027.29
18.6136 10.2689 -3.64749 2042.88
13.5712 -11.3683 -16.3921 2058.48
7.92582 -1.22051 14.8588 2074.07
5.7456 6.16315 9.12875 2089.67
3.38923 -10.1012 -13.6613 2105.26
15.3428 5.76845 15.5333 2120.86
-6.21099 0.0145448 2.43534 2136.45
-6.97714 2.62995 -4.85564 2152.05
-22.9248 7.77024 6.62906 2167.64
6.17877 -0.296875 -1.17232 2183.24
5.96957 -31.3428 6.62116 2198.83
18.7717 -16.4319 4.30241 2214.42
3.79882 -11.2311 -1.2322 2230.02
6.28469 8.17657 -8.77831 2245.61
-0.490197 17.4625 -5.25191 2261.21
32.501 -5.69487 -18.7946 2276.8
12.3844 -12.9948 -9.54175 2292.4
1.70462 -14.3691 -15.4393 2307.99
21.2181 -2.45438 -2.93666 2323.59
-2.61936 7.72655 -4.67865 2339.18
-7.81071 17.7151 -7.31535 2354.78
6.78614 2.96834 2.7666 2370.37
-16.8206 3.96888 15.4341 2385.96
-18.6786 14.5889 -3.91255 2401.56
-5.94791 -3.35777 -12.9602 2417.15
5.81994 9.86885 -1.9208 2432.75
5.68298 8.068 8.9136 2448.34
0.30333 0.580318 4.78265 2463.94
-8.085 5.30806 3.65691 2479.53
15.2023 9.64353 11.7462 2495.13
13.064 -5.81836 21.9878 2510.72
-9.91482 -5.15223 11.5067 2526.32
-3.31947 0.709562 -1.13806 2541.91
14.2561 -8.40825 -6.086 2557.5
-33.5033 1.03261 5.41928 2573.1
0.172882 -13.9055 23.2965 2588.69
14.3755 -19.8251 -2.06468 2604.29
-5.82927 8.42604 -5.23719 2619.88
-12.5546 -10.9932 -1.20144 2635.48
-6.1358 10.9876 -3.88643 2651.07
1.13437 -11.9166 -7.68453 2666.67
-11.4643 -5.85639 12.2015 2682.26
0.519959 14.359 -21.2916 2697.86
2.47285 -13.5236 -9.0444 2713.45
-7.06323 6.79346 9.42912 2729.04
-2.86992 7.63467 -7.69596 2744.64
-2.22058 7.43654 19.3878 2760.23
-0.32762 -3.52325 5.7148 2775.83
-18.4214 -2.49609 -5.11601 2791.42
-6.546 -13.2297 -3.78939 2807.02
0.797933 -0.000564371 2.55628 2822.61
-5.25172 8.05104 3.57286 2838.21
-21.0322 2.30785 0.776084 2853.8
-9.5507 10.424 -8.76806 2869.4
1.67727 -14.1506 -0.197745 2884.99
-2.18243 19.7682 10.3495 2900.58
-6.55644 2.19518 6.06353 2916.18
-4.24871 0.773724 -13.3015 2931.77
-6.07018 -9.92428 -9.30925 2947.37
4.92675 3.72011 -0.717418 2962.96
-3.19084 -10.322 2.94154 2978.56
1.32811 9.40759 11.4061 2994.15
-2.65397 -7.40866 -4.93544 3009.75
-4.38745 0.654785 0.986846 3025.34
2.36861 -15.6165 1.79226 3040.94
6.06387 4.35561 -7.11748 3056.53
-6.33752 14.0248 -5.15136 3072.12
-9.37933 12.5082 -2.06985 3087.72
5.42322 1.87117 -0.663457 3103.31
5.63127 -2.44946 -9.09906 3118.91
-3.09583 1.76974 2.06266 3134.5
1.3749 1.0602 1.40477 3150.1
-14.6615 5.53892 1.16573 3165.69
-3.51921 6.83958 8.25959 3181.29
6.07575 7.3862 7.51634 3196.88
11.4922 -7.66042 0.418919 3212.48
-5.47544 2.13677 12.98 3228.07
-0.970552 -2.62582 -12.8017 3243.66
-9.13791 3.99273 -5.49537 3259.26
3.31193 -9.47136 7.50645 3274.85
-3.94651 -11.2573 1.21168 3290.45
2.5342 -8.93149 -2.17048 3306.04
-4.63586 4.60574 -6.54405 3321.64
-4.71124 4.92159 3.3053 3337.23
2.30834 0.449691 3.27932 3352.83
1.00611 4.52792 -3.8401 3368.42
-5.73633 -1.0897 -4.03564 3384.02
-2.58625 3.73463 2.75772 3399.61
1.75873 5.75008 -13.6541 3415.2
-1.24732 -1.16861 4.47663 3430.8
3.71347 -11.0957 -1.62793 3446.39
-1.73163 -5.77738 0.924785 3461.99
-4.5115 -8.75115 10.5669 3477.58
3.00053 -5.84249 3.10288 3493.18
4.05233 3.67457 -6.08679 3508.77
7.38334 -18.6436 -1.04621 3524.37
3.13534 -6.4186 3.18684 3539.96
-2.25963 -1.06724 4.92564 3555.56
-7.3487 8.56821 5.91301 3571.15
2.85385 1.17479 10.875 3586.74
-0.0808917 -4.89033 0.344359 3602.34
0.457053 -3.6067 1.08394 3617.93
-2.83577 -14.0302 -3.06602 3633.53
6.05448 -2.78057 -1.67878 3649.12
-9.44882 -4.54766 -2.81806 3664.72
-3.6364 -1.66177 1.14856 3680.31
-0.0394528 5.419 3.29216 3695.91
-2.61982 8.40884 -6.14107 3711.5
6.51998 4.10083 2.1652 3727.1
3.57997 -1.67956 4.50579 3742.69
2.82903 -0.72397 -9.76205 3758.28
1.45504 2.84494 -7.00168 3773.88
-6.40339 -12.6653 -3.122 3789.47
1.82463 -4.09509 3.39709 3805.07
0.564566 3.76353 -6.62589 3820.66
-2.52671 -6.06077 -4.80359 3836.26
0.527569 -1.54337 -11.1994 3851.85
10.7197 1.00604 6.61416 3867.45
-5.66783 15.9521 -2.24912 3883.04
-7.67163 11.3339 -4.67603 3898.64
-1.32251 12.5098 -6.51781 3914.23
5.08456 2.8499 1.78163 3929.82
-1.65842 9.15174 3.03322 3945.42
10.6697 -6.87087 2.91249 3961.01
-6.73553 6.02929 -7.20692 3976.61
-3.46146 -10.8366 1.31377 3992.2
-1.81179 -6.82412 -3.16302 4007.8
-2.4041 -9.64331 2.58544 4023.39
-5.7943 -2.52203 0.88311 4038.99
-4.59119 -2.28663 -1.42431 4054.58
-12.875 -3.1202 1.37732 4070.18
-1.21583 2.38119 3.10286 4085.77
7.1666 -3.25744 -4.32583 4101.36
-9.08366 7.59247 1.14391 4116.96
2.3485 -0.840302 -7.31772 4132.55
-3.41436 1.98241 -7.61758 4148.15
-4.11829 -3.2836 -5.05592 4163.74
-1.77183 6.7361 -3.62528 4179.34
-1.20871 -1.35529 -6.44217 4194.93
-2.69823 3.36939 -4.5509 4210.53
-3.69412 -3.79702 -4.39384 4226.12
-5.15796 3.47176 -0.942137 4241.72
-5.17777 1.19148 -12.3542 4257.31
-1.93122 5.45192 0.774116 4272.9
-3.75517 1.52531 -3.72362 4288.5
-4.75619 0.37801 -3.60027 4304.09
-2.10574 -0.37417 2.31131 4319.69
-3.30094 5.28222 4.33752 4335.28
-4.86872 -0.604095 -1.38179 4350.88
3.92916 -3.84126 0.946146 4366.47
-6.84504 -3.04641 -2.71052 4382.07
-1.13097 -6.11833 4.00744 4397.66
3.9624 5.78141 1.85803 4413.26
0.834683 3.55662 4.01692 4428.85
1.5997 -1.53175 -0.187761 4444.44
1.16592 -8.97788 3.47294 4460.04
-6.2411 4.31132 7.53552 4475.63
-1.21709 3.50398 2.56862 4491.23
6.47272 3.23675 -2.08273 4506.82
1.02969 -2.61415 0.244494 4522.42
-1.49966 -0.234155 3.1029 4538.01
4.56634 -0.204956 1.56136 4553.61
-0.574894 1.04015 -2.48626 4569.2
-4.24254 -3.90472 3.52084 4584.8
3.3329 -10.6854 -3.40312 4600.39
11.6037 -4.13584 -0.686372 4615.98
-1.47446 8.88624 5.2202 4631.58
8.48677 -0.234299 -2.61338 4647.17
2.25376 5.52336 -7.084 4662.77
4.30398 -3.57213 -2.0656 4678.36
-2.25629 1.65784 -4.17005 4693.96
2.11916 -1.63643 1.8424 4709.55
0.495992 -4.15037 -1.77234 4725.15
5.19313 -1.82511 -3.44077 4740.74
0.0670677 -6.50724 -0.932083 4756.34
3.73805 -10.4469 -0.207874 4771.93
-0.126346 -3.36756 -2.08207 4787.52
-7.05546 -2.43783 -1.98583 4803.12
0.190437 -6.51131 -7.1071 4818.71
8.62212 1.68821 -1.08907 4834.31
3.333 -3.04831 1.84733 4849.9
-1.16374 2.22618 -1.68134 4865.5
3.82508 3.96706 0.4885 4881.09
1.64327 5.05232 2.43285 4896.69
-2.31171 7.29416 5.9633 4912.28
2.75203 8.63588 3.69214 4927.88
3.86356 6.81239 4.24029 4943.47
2.69936 6.14048 -7.8849 4959.06
-1.07856 -3.48739 -2.14663 4974.66
3.52394 -5.64704 2.0491 4990.25
4.4264 -8.71896 -0.608777 5005.85
1.76072 -3.71968 1.02835 5021.44
0.445074 -4.09151 3.67356 5037.04
8.75799 -2.44381 0.531394 5052.63
2.15898 -5.04868 -1.38765 5068.23
-1.43198 -8.25868 -2.37888 5083.82
0.631327 -2.76303 -4.27732 5099.42
4.43421 -0.510155 0.891695 5115.01
1.30988 1.20933 4.41895 5130.6
0.578076 -0.033062 3.10371 5146.2
5.87885 -1.03404 4.95045 5161.79
0.378083 -3.44928 6.61577 5177.39
-1.12797 7.36216 1.33854 5192.98
0.966853 1.62484 -2.92646 5208.58
1.91749 4.21367 2.66563 5224.17
-4.73501 6.3686 2.17871 5239.77
1.06908 6.26455 -2.5479 5255.36
3.68306 9.6145 1.33993 5270.96
0.280913 6.35727 5.71696 5286.55
-2.49008 4.85026 7.20369 5302.14
-5.16025 -0.119681 7.55012 5317.74
1.57587 -0.0648405 -1.68026 5333.33
1.24341 2.43212 0.298816 5348.93
3.49014 -0.343593 3.46368 5364.52
0.776025 -5.41504 4.8583 5380.12
2.07239 -1.19234 -2.42656 5395.71
-2.68469 -4.68307 -0.361701 5411.31
2.11708 1.47598 4.4053 5426.9
1.37982 1.25737 6.81167 5442.5
0.567914 3.1686 0.0763748 5458.09
-5.10504 1.296 -2.01376 5473.68
-1.1151 7.55303 -1.53937 5489.28
-0.684435 -0.63399 0.476948 5504.87
0.603117 -1.17754 3.03526 5520.47
-1.59852 -5.53898 2.81107 5536.06
-3.96042 -0.0633204 -0.191419 5551.66
-2.42033 -4.35819 1.05238 5567.25
-0.569187 -4.11899 1.46227 5582.85
1.50078 -1.82575 1.55942 5598.44
1.15508 1.20249 -2.52145 5614.04
-2.58395 -0.0754331 0.184669 5629.63
-2.75769 -0.903449 -3.42055 5645.22
1.2631 2.73347 -5.70122 5660.82
0.825187 -4.28815 2.49062 5676.41
-5.55429 -2.22274 4.29483 5692.01
-4.49704 -4.82637 -1.62455 5707.6
-4.49321 -3.4812 2.43858 5723.2
0.423976 -5.12905 1.98014 5738.79
-1.05967 -2.04707 2.74622 5754.39
3.01658 -4.82547 0.348332 5769.98
-4.40937 -6.50003 -0.657669 5785.58
-3.78527 -8.27969 -5.89284 5801.17
1.8267 -6.79205 2.99163 5816.76
2.1094 -3.84385 4.17217 5832.36
-1.25756 -1.13577 -1.59779 5847.95
2.57998 4.10928 -0.414444 5863.55
1.36052 3.96728 4.74227 5879.14
-1.70384 5.39022 1.65531 5894.74
0.870348 3.63498 4.35723 5910.33
-0.118629 0.789345 0.0971661 5925.93
0.404827 -0.78327 -0.0052766 5941.52
-1.16458 -1.32294 4.66683 5957.12
1.76291 -0.0506113 2.72484 5972.71
-0.211918 1.7637 4.64842 5988.3
-0.379273 -3.82541 1.92185 6003.9
1.7753 -1.99356 -0.0657349 6019.49
1.49747 -4.41761 0.683933 6035.09
4.25084 -3.57189 -2.55363 6050.68
0.261286 -1.91126 -1.07724 6066.28
2.02647 -4.89869 1.32163 6081.87
2.55668 -7.46903 -1.80397 6097.47
2.52368 -5.23649 -0.544268 6113.06
-2.97898 -3.88969 4.00968 6128.65
3.75184 -6.25187 -0.376168 6144.25
2.12437 -0.207653 -0.596989 6159.84
1.15596 -4.04911 -3.41417 6175.44
-1.10655 -1.49584 0.434654 6191.03
1.77654 2.13662 -0.424008 6206.63
-2.07809 -0.549483 -0.273015 6222.22
-0.494934 -2.28416 -2.18959 6237.82
5.02003 -1.44694 0.483742 6253.41
4.43098 4.24752 4.49039 6269.01
2.81833 2.13799 3.1447 6284.6
0.223174 1.60813 -1.85171 6300.19
1.07347 -2.31838 -0.672541 6315.79
2.60493 -4.01137 2.28763 6331.38
0.434208 1.02099 2.55403 6346.98
1.27804 -1.34528 -1.3112 6362.57
3.33018 -0.42061 -0.687499 6378.17
-2.48526 -2.52391 -0.586823 6393.76
-3.03318 1.4553 -1.66561 6409.36
4.95527 3.59508 -1.34501 6424.95
-1.23993 5.27976 -5.87605 6440.55
-1.49053 2.22399 -5.889 6456.14
1.65131 7.75607 -2.55176 6471.73
2.76758 4.19719 -0.755145 6487.33
1.16215 3.16364 -1.43074 6502.92
2.99198 4.12383 -1.13426 6518.52
-1.04238 -0.121884 -0.613329 6534.11
0.48197 -1.01158 -1.34127 6549.71
1.76156 1.26224 1.12452 6565.3
0.386129 1.43965 3.38707 6580.9
0.607854 1.26641 1.78919 6596.49
-1.02689 1.83883 -0.911434 6612.09
-3.80041 -0.628845 1.74655 6627.68
-1.12686 1.10714 0.386698 6643.27
5.17662 -0.473601 1.37979 6658.87
-1.67934 6.32356 1.00215 6674.46
0.0100481 2.48755 -0.815908 6690.06
-1.45572 3.42132 -0.0223095 6705.65
-3.00305 -0.679052 4.20333 6721.25
-1.26445 0.787077 3.43909 6736.84
-0.330528 -2.21881 -0.0877764 6752.44
-0.182317 -3.47885 -1.74349 6768.03
-0.858397 -3.22326 1.09922 6783.63
-0.906805 -1.37942 1.4192 6799.22
-4.23264 0.979414 -2.07994 6814.81
-1.14682 3.32786 -2.33073 6830.41
-2.71617 7.69702 -3.37269 6846
-1.95275 -1.09962 -0.322575 6861.6
-1.21134 3.97177 2.48238 6877.19
0.202608 -1.04191 -0.378662 6892.79
-3.58487 3.32961 -4.23797 6908.38
-0.717957 0.579465 1.09717 6923.98
-1.67112 -0.243059 0.872269 6939.57
-3.93519 -3.30945 -1.02461 6955.17
-1.50901 2.14287 0.486537 6970.76
-1.69897 3.74475 -0.654968 6986.35
-2.0547 2.99348 -1.19092 7001.95
0.407838 -0.298514 -1.13237 7017.54
-2.14526 -0.612694 -0.784125 7033.14
-5.64288 -0.278288 -3.9759 7048.73
1.42018 -0.526182 -3.67068 7064.33
0.477849 2.18071 -2.72249 7079.92
-3.82979 -3.69212 -1.22959 7095.52
0.0709605 -1.58609 -2.19392 7111.11
-1.63615 -0.707129 -0.00671299 7126.71
-4.09798 0.90485 -0.0623304 7142.3
-1.97736 -1.22349 -0.156335 7157.89
3.37721 -0.901698 3.46929 7173.49
-2.71982 -1.9778 1.84894 7189.08
-2.36068 4.68308 -2.52248 7204.68
-3.0023 0.478149 -2.24257 7220.27
0.099833 2.5323 0.898561 7235.87
-0.718946 -3.47895 -1.41372 7251.46
-0.382097 -4.4777 1.09643 7267.06
0.512595 -2.1001 -0.563166 7282.65
0.293369 -4.26219 -0.624793 7298.25
-2.5789 -3.99488 3.6172 7313.84
-0.311805 -2.6687 3.89921 7329.43
3.26782 -2.14436 -0.426031 7345.03
-3.71376 -2.7895 -1.49722 7360.62
-1.20876 -3.03082 0.0614292 7376.22
1.83649 -0.182375 1.83493 7391.81
2.2495 2.23859 0.755502 7407.41
-1.26345 2.43578 -0.981328 7423
0.0192626 4.03308 0.0384618 7438.6
0.824465 0.584273 0.282435 7454.19
1.0094 -1.53661 0.609595 7469.79
0.681034 2.90168 -1.97649 7485.38
2.57894 2.57828 -2.619 7500.97
2.86795 1.38259 -0.552022 7516.57
-0.710992 3.64438 3.03682 7532.16
1.20747 -1.22536 3.35718 7547.76
2.81101 0.693503 3.68805 7563.35
3.21912 -1.12427 3.83389 7578.95
-1.6315 1.22152 1.14054 7594.54
0.735476 -2.56954 -1.19541 7610.14
0.833443 -0.16015 1.86877 7625.73
-1.80816 -1.37794 0.230333 7641.33
0.361816 4.08498 -4.06736 7656.92
5.05276 1.34649 -0.608918 7672.51
1.77664 1.77139 0.480939 7688.11
-1.62318 1.84521 2.15899 7703.7
1.97337 1.78197 1.67964 7719.3
1.18954 0.520007 -2.07072 7734.89
1.54075 1.78918 -3.72403 7750.49
2.28422 0.436663 1.59937 7766.08
3.89913 -2.73297 -0.617427 7781.68
-0.0620725 -0.0872526 -5.3529 7797.27
0.262306 -1.65308 -3.23466 7812.87
1.48894 -0.127196 1.35408 7828.46
-0.765174 0.239896 0.946246 7844.05
-0.393015 0.22148 -1.08959 7859.65
-1.35338 -5.23925 -2.80373 7875.24
2.46575 0.852008 -3.9089 7890.84
1.90547 -0.424891 -0.714499 7906.43
1.33649 3.54892 -0.229813 7922.03
-0.592259 -0.542133 0.561324 7937.62
1.15022 0.0381645 -0.0359436 7953.22
-0.281559 -4.1984 2.75251 7968.81
3.15076 0.391616 2.96591 7984.41
2.41423 0.180344 0.322491 8000
