-1.847924 -0.197619 -0.427283
-1.723999 0.006649 -0.442587
-1.559272 -0.067432 -0.331556
-1.628437 -0.115410 -0.493987
-1.881534 0.003195 -0.646929
-1.409812 -0.155333 -0.210761
-0.883621 0.042107 -0.275095
-0.572882 -0.007249 -0.495644
-0.425309 -0.227060 -0.184993
-0.424373 0.005104 -0.032383
-0.616378 -0.214650 0.031095
-1.409326 0.063252 0.059906
-0.553500 0.217338 0.104140
-0.260898 -0.142196 0.124743
-0.105860 0.662076 0.070547
-0.020592 1.084843 -0.093738
-0.000484 1.352573 -0.201959
-0.064349 1.525846 0.019271
-0.224609 1.608271 0.030946
-0.290406 1.587297 -0.306066
-0.166114 1.438521 -0.657966
-0.166184 1.107321 -0.361043
-0.380562 0.438416 -0.639459
-0.263126 0.190565 -0.281842
0.077969 0.316352 0.074402
0.252867 0.367859 0.219930
0.324245 0.288997 0.205373
0.308706 0.367402 0.118074
0.199227 -0.040400 0.060757
-0.015624 0.388592 -0.095002
-0.229928 0.245016 -0.158021
-0.240837 0.362008 0.015789
-0.312091 1.230341 0.022234
-0.418474 1.761716 -0.237850
-0.241875 2.082728 -0.469758
-0.111483 2.263013 0.044202
-0.111584 2.331130 0.077582
-0.225116 2.297027 -0.090428
-0.444330 2.158135 0.072393
-0.780515 1.897734 0.159371
-0.734209 1.475712 0.028180
-0.511679 0.870946 -0.418441
-0.438981 0.493761 -0.389488
-0.370653 -0.047641 -0.004217
-0.235231 -0.287595 0.097265
-0.118198 0.345789 0.041902
-0.049320 0.344095 -0.234916
-0.020899 -0.129684 -0.623339
-0.022582 0.299424 -0.366309
-0.043025 0.431601 -0.299083
-0.085835 0.254385 0.219056
-0.179721 1.264671 0.413983
-0.248515 1.695908 0.415544
-0.090938 1.933780 0.259578
0.050687 2.042198 0.013078
0.084383 2.042174 -0.026899
0.027698 1.938531 -0.137299
-0.087182 1.725737 -0.101985
-0.247048 1.386815 0.257184
-0.474134 0.866369 0.393137
-0.594735 0.626494 0.432153
-0.500346 0.792650 0.492198
-0.229008 0.629670 0.590725
0.016570 -0.080109 0.661829
0.122935 0.717506 0.656548
0.075991 1.109093 0.561546
-0.207458 1.313031 0.419882
-0.444352 1.387122 0.364260
0.003011 1.418120 0.392519
0.122393 1.563210 0.374486
0.077555 1.804895 0.310979
-0.113999 2.008856 0.282345
-0.490293 2.130079 0.239700
-0.873351 2.161130 0.275860
-1.051385 2.099709 0.370321
-1.052946 1.940952 0.313939
-0.482458 1.677218 0.002243
-0.278367 1.309201 -0.385724
-0.219710 0.872328 -0.226079
-0.256114 0.323332 -0.427347
-0.340704 -0.402584 0.124813
-0.409475 0.210582 0.344552
-0.448680 0.226587 0.412145
-0.494973 -0.296723 0.450300
-0.548895 0.108925 0.495770
-0.597361 0.283715 0.542784
-0.707076 0.271542 0.566866
-0.925196 0.088576 0.494872
-0.815739 0.179321 0.387278
-0.633922 0.488386 0.513592
-0.550804 0.520972 0.611776
-0.488654 0.299423 0.598044
-0.425180 -0.220908 0.521439
-0.391358 0.081217 0.484663
-0.403152 0.125927 0.500706
-0.365184 -0.047639 0.433836
-0.227971 -0.357851 0.256943
-0.128549 -0.271963 0.159234
-0.113831 0.011932 0.130440
-0.174974 0.153775 0.132549
-0.280861 0.093145 0.233001
-0.380440 -0.225163 0.334857
-0.445923 -0.150087 0.364869
-0.428338 0.070765 0.324169
-0.337515 0.087288 0.388105
-0.309413 0.287732 0.543224
-0.389571 0.608874 0.668492
-0.429254 0.830368 0.722563
-0.270220 0.969320 0.682684
-0.128317 1.026270 0.566186
-0.036116 0.984861 0.449773
0.026344 0.821555 0.388322
0.067992 0.507172 0.251718
0.098329 0.172301 -0.145887
0.120985 0.049940 0.425361
0.122632 -0.344607 0.623599
0.084538 -0.318599 0.615886
0.001089 -0.280577 0.482618
-0.089034 -0.493651 0.249179
-0.079795 -0.005071 -0.405366
0.026605 0.177636 -0.040237
0.129356 0.220876 0.240472
0.181605 0.216452 0.418049
0.162556 0.182069 0.658920
0.050112 0.156824 0.880944
-0.203011 0.198629 1.009267
-0.763286 0.288295 1.033672
-0.741245 0.364684 0.975102
-0.566138 0.352181 0.885712
-0.412622 0.212479 0.801497
-0.233818 -0.060778 0.661418
-0.143298 -0.429232 0.288937
-0.134258 -0.870106 0.169154
-0.183446 -0.441779 0.598606
-0.288652 -0.129359 0.717516
-0.435512 -0.017961 0.744008
-0.387536 -0.057933 0.765798
-0.233572 -0.162630 0.812772
-0.180193 -0.219886 0.879396
-0.182328 -0.179359 0.909867
-0.142207 -0.133672 0.845791
-0.118064 -0.065845 0.719406
-0.222273 0.156481 0.759054
-0.546427 0.338551 0.834077
-0.535241 0.484923 0.819951
-0.354540 0.594557 0.788621
-0.436842 0.624564 0.805401
-0.704583 0.560884 0.865852
-0.468991 0.419864 0.915736
-0.278092 0.236379 0.889781
-0.187442 0.032046 0.772110
-0.087443 -0.159265 0.605961
0.022191 -0.290734 0.476797
0.084338 -0.500874 0.358852
0.068306 -0.763431 0.220564
-0.050615 -0.102639 0.395709
-0.349323 0.127044 0.535354
-0.812130 0.180787 0.519489
-0.290413 0.123862 0.488236
-0.130881 0.028375 0.690734
-0.114637 0.043494 0.913222
-0.152427 0.270385 1.032521
-0.148822 0.494184 1.033087
-0.099754 0.612041 0.883693
-0.059689 0.616244 0.712602
-0.043582 0.505174 1.005513
-0.059334 0.265099 1.174887
-0.118076 -0.083040 1.208141
-0.206955 -0.014673 1.169915
-0.274980 0.152468 1.137935
-0.314680 0.212151 1.131092
-0.384258 0.186274 1.096087
-0.514259 0.069078 1.011739
-0.680684 -0.154337 0.966174
-0.781857 -0.347774 1.043389
-0.824623 -0.280930 1.096888
-0.904625 -0.080426 1.043462
-0.930355 0.188008 0.877786
-0.824078 0.317549 0.781893
-0.720445 0.268804 0.878859
-0.687890 0.196905 0.973193
-0.682125 0.437923 1.036000
-0.554594 0.600809 1.021473
-0.373497 0.646287 0.925682
-0.251426 0.607745 0.941291
-0.206928 0.506101 1.131764
-0.230738 0.369843 1.274518
-0.287098 0.210844 1.321699
-0.325897 -0.061265 1.291745
-0.346742 -0.620044 1.287024
-0.372018 -0.782921 1.376918
-0.413809 -0.675829 1.459692
-0.555369 -0.123600 1.494270
-1.044193 -0.001089 1.481034
-0.470035 -0.081380 1.397526
-0.204718 -0.397048 1.190053
-0.137003 0.042822 1.064774
-0.151773 0.587960 1.319533
-0.120641 0.892022 1.442745
-0.076403 1.064036 1.432320
-0.136377 1.139232 1.291037
-0.358337 1.132266 1.009731
-0.319537 1.044212 1.058124
-0.059234 0.852933 1.255047
0.037941 0.446885 1.323844
-0.004098 -0.077106 1.300100
-0.204067 0.455632 1.207715
-0.720655 0.480308 1.156591
-0.876153 0.366955 1.263877
-0.429875 0.438536 1.370061
-0.178515 0.573602 1.391295
-0.072810 0.565535 1.296356
-0.153790 0.390833 0.997779
-0.575827 0.721880 0.225784
-0.348924 0.962423 1.037195
-0.074439 0.996242 1.248367
-0.031132 1.031667 1.375430
-0.057891 1.268708 1.477455
0.009568 1.429060 1.549899
0.088399 1.465480 1.617145
0.064721 1.390739 1.741209
-0.082595 1.205447 1.880606
-0.276088 0.881650 1.963619
-0.308267 0.225943 1.971780
-0.287910 0.543057 1.905697
-0.191854 0.878452 1.770640
-0.048466 1.056433 1.642798
0.048179 1.160126 1.671421
0.057156 1.204424 1.711541
-0.075349 1.182900 1.699108
-0.128483 1.128260 1.747876
0.228250 1.124530 1.831193
0.447718 1.130690 1.812533
0.547924 1.149946 1.600473
0.553919 1.298746 1.493519
0.469038 1.440159 1.788419
0.290923 1.496222 1.854135
0.052299 1.471488 1.790585
-0.094799 1.373863 1.873273
-0.115495 1.190712 2.034713
-0.135129 0.864208 2.107724
-0.142560 0.649366 2.100359
0.017678 0.888314 2.037306
0.182475 0.949062 1.935741
0.253610 0.935847 1.796570
0.244508 0.975109 1.572464
0.169800 1.010311 0.940362
0.036507 0.956614 1.477190
0.019492 0.841885 1.768224
0.218778 0.868737 1.830617
0.361323 0.987286 1.723160
0.403318 1.028607 1.384849
0.351473 0.972656 1.171394
0.225155 0.851359 1.571272
0.102242 0.776501 1.797692
0.067819 0.840046 1.988547
0.081317 0.922764 2.136430
0.111700 0.882003 2.227460
0.132457 0.622421 2.282213
0.140109 0.760681 2.336594
0.162825 1.031352 2.388441
0.197648 1.139805 2.405013
0.218395 1.204518 2.369794
0.216538 1.289825 2.289127
0.197871 1.364224 2.181331
0.166716 1.368497 2.049701
0.119336 1.274222 1.851621
0.059681 1.149492 1.534673
0.020542 1.147687 1.614454
0.050404 1.146207 1.773894
0.132413 1.236371 1.738023
0.193965 1.432139 1.580686
0.193551 1.550184 1.639925
0.122009 1.577077 1.763156
-0.007353 1.528490 1.823355
-0.125859 1.408413 1.916438
-0.118908 1.206752 2.027522
-0.056454 0.907954 2.133126
-0.058085 0.537449 2.268536
-0.196067 0.344575 2.410245
-0.724472 0.618313 2.506102
-0.352646 0.869731 2.535100
0.023663 0.986864 2.493568
0.200059 1.004511 2.382123
0.270824 1.003765 2.207006
0.234064 1.062146 2.023618
0.040321 1.130748 2.016667
-0.523070 1.169758 2.155031
-0.199462 1.189727 2.279035
0.003026 1.204058 2.343919
-0.007141 1.213390 2.340666
-0.148810 1.209749 2.277692
-0.438448 1.176788 2.186583
-1.105428 1.086819 2.106530
-0.560114 0.893695 2.038913
-0.348325 0.490075 1.972320
-0.351189 0.308757 1.912066
-0.477633 0.551572 1.875493
-0.499196 0.555768 1.896269
-0.545479 0.478179 1.945456
-0.663909 0.431086 1.950856
-0.419854 0.484430 1.868931
-0.345651 0.577615 1.756637
-0.492589 0.610476 1.818509
-0.723515 0.584820 1.853529
-0.732657 0.612508 1.708869
-0.737537 0.757968 1.571086
-0.554428 0.919400 1.750531
-0.265470 1.030790 1.814239
-0.030014 1.068080 1.802169
0.113670 1.017059 1.861654
0.181849 0.855725 2.072900
0.199940 0.517321 2.255131
0.181110 0.044066 2.335126
0.124339 0.410647 2.334438
0.029565 0.508892 2.320785
-0.101468 0.490404 2.329215
-0.309211 0.516926 2.298194
-0.707962 0.653581 2.170006
-0.426337 0.758330 1.887926
-0.199723 0.798792 1.111032
-0.153995 0.833021 1.504701
-0.191709 0.915586 1.730981
-0.143866 1.018838 1.780145
0.038053 1.107281 1.761560
0.178850 1.165060 1.695861
0.223413 1.184782 1.601321
0.161809 1.166810 1.512269
-0.019917 1.113002 1.408681
-0.237418 1.015852 1.416219
-0.108581 0.848288 1.774873
0.028242 0.614955 2.055695
0.070244 0.756078 2.233517
0.053256 0.969724 2.340983
0.002026 1.047288 2.393755
-0.085743 1.013171 2.391063
-0.221131 0.891818 2.323188
-0.290337 0.720800 2.177803
-0.180282 0.520849 1.940750
-0.093388 0.298394 1.650338
-0.088356 0.250441 1.635897
-0.178374 0.369853 1.701902
-0.470989 0.669325 1.662528
-0.846860 0.921677 1.607014
-0.232113 1.074405 1.546041
-0.054429 1.146222 1.291747
-0.014564 1.146808 1.526159
-0.049989 1.070211 1.809213
-0.141275 0.888552 1.874286
-0.323719 0.526222 1.774395
-0.876956 0.144947 1.497239
-0.548537 0.271446 1.030325
-0.196818 0.212733 1.106520
-0.130095 0.483473 1.417620
-0.306318 0.646946 1.615951
-0.331288 0.653090 1.706026
0.082625 0.542579 1.728617
0.271691 0.341686 1.723211
0.325455 0.075579 1.719204
0.272495 -0.230589 1.707666
0.115473 -0.364264 1.641753
-0.141574 0.101343 1.453490
-0.405425 0.404244 1.220348
-0.460047 0.555448 1.601349
-0.220002 0.583151 1.818107
0.010543 0.513136 1.882066
0.142779 0.427498 1.837657
0.189117 0.471156 1.728030
0.149301 0.619608 1.661711
-0.004586 0.731700 1.747476
-0.255719 0.739445 1.868040
-0.034985 0.609825 1.930055
0.192946 0.266649 1.919293
0.292783 0.143967 1.834074
0.310612 0.490171 1.649632
0.281415 0.628186 1.209597
0.237303 0.652917 1.135998
0.189635 0.592584 1.551098
0.123860 0.458631 1.641568
0.031482 0.338199 1.564265
-0.051881 0.407755 1.345606
-0.040111 0.466790 1.392016
0.051747 0.405013 1.653277
0.126934 0.222801 1.816634
0.147638 0.094089 1.905781
0.116691 0.266087 1.935913
0.050199 0.384048 1.913049
-0.040372 0.380594 1.845770
-0.153780 0.264042 1.750105
-0.278715 0.013702 1.650236
-0.304666 -0.291039 1.556533
-0.208284 -0.048076 1.466273
-0.173841 0.062781 1.558535
-0.256023 0.021796 1.736820
-0.409261 -0.117865 1.807914
-0.452166 -0.297626 1.766252
-0.424338 -0.498251 1.669162
-0.505393 -0.703639 1.631057
-0.741324 -0.224752 1.583516
-0.489030 -0.006635 1.282144
-0.238055 0.060675 1.296858
-0.115820 0.053040 1.765866
-0.064060 0.038498 1.933366
-0.087317 0.062996 1.969115
-0.214973 0.047293 1.932070
-0.457467 -0.094691 1.882671
-0.593163 -0.314278 1.854843
-0.421933 -0.184974 1.817528
-0.223630 -0.009150 1.730563
-0.076376 0.037292 1.554101
0.007305 0.039437 1.230954
0.038128 0.161337 1.316610
0.043996 0.256422 1.594853
0.066687 0.236285 1.727980
0.111940 0.119956 1.767912
0.141217 0.149818 1.790144
0.125962 0.392458 1.891304
0.055556 0.548773 2.006531
-0.074745 0.599890 2.062381
-0.257542 0.574235 2.052985
-0.380090 0.515549 1.996210
-0.310098 0.483657 1.936590
-0.235596 0.512206 1.956399
-0.249428 0.578251 2.050100
-0.360484 0.641131 2.122265
-0.334904 0.668494 2.124465
-0.083019 0.629032 2.043004
0.084905 0.499046 1.897288
0.147423 0.471673 1.827872
0.113822 0.667691 1.897325
-0.012534 0.767105 1.936691
-0.213456 0.733685 1.880288
-0.389241 0.588205 1.710482
-0.384444 0.508625 1.591318
-0.295872 0.610653 1.699722
-0.288393 0.653997 1.721545
-0.413803 0.588780 1.675396
-0.458107 0.406997 1.793182
-0.273438 0.107775 1.959399
-0.176013 0.022800 2.048347
-0.167953 0.101511 2.064976
-0.215191 0.113340 2.025346
-0.310363 0.190889 1.943441
-0.431417 0.243670 1.830355
-0.390524 0.171948 1.680027
-0.207277 -0.114119 1.466933
-0.070662 -0.312135 1.490534
0.003063 0.177368 1.755413
0.030678 0.341172 1.901182
0.019309 0.353805 1.940869
-0.039467 0.277812 1.920963
-0.155784 0.171541 1.913689
-0.313894 0.201837 1.933064
-0.455964 0.434539 1.921013
-0.527299 0.621191 1.847295
-0.411488 0.713836 1.705734
-0.214709 0.723367 1.496026
-0.067123 0.670599 1.254492
0.015959 0.594575 1.034536
0.028792 0.539084 0.923562
-0.013491 0.507898 1.122291
-0.043040 0.478340 1.338260
-0.035015 0.451697 1.522463
-0.039302 0.454584 1.630302
-0.027744 0.476636 1.673589
-0.008622 0.483204 1.704473
-0.087666 0.460615 1.720272
-0.414844 0.395589 1.669449
-0.861836 0.239938 1.544104
-0.296810 -0.181472 1.435874
-0.204099 -0.193077 1.444768
-0.223308 0.140756 1.555406
-0.248926 0.158019 1.661964
-0.279950 -0.036427 1.665960
-0.343221 -0.632864 1.513215
-0.413192 -0.268280 1.193978
-0.437598 0.066284 1.480224
-0.327389 0.237557 1.701335
-0.156032 0.339303 1.767876
-0.048471 0.402115 1.745178
-0.029536 0.439042 1.722112
-0.097152 0.446964 1.740363
-0.242202 0.424784 1.721532
-0.420478 0.387879 1.626581
-0.487154 0.308502 1.483289
-0.419962 0.037257 1.364228
-0.372995 -0.471444 1.303216
-0.384452 0.212654 1.236316
-0.379538 0.319758 1.162449
-0.333597 0.179513 1.235915
-0.363995 -0.022244 1.337924
-0.557396 0.276773 1.357649
-0.777703 0.418773 1.295605
-0.605308 0.424887 1.168890
-0.578648 0.338940 1.044103
-0.671444 0.175674 1.036885
-0.696007 -0.060053 1.109221
-0.707758 -0.284706 1.160261
-0.834550 -0.224695 1.147757
-0.959572 -0.167709 1.073444
-0.934355 -0.280686 0.974350
-0.970083 -0.361549 0.939967
-1.048811 -0.143853 0.960088
-1.060010 0.003541 0.906897
-1.046755 0.031702 0.732181
-1.024118 -0.085961 0.620322
-1.014950 -0.383230 0.737310
-1.002160 -0.467313 0.730680
-0.954214 -0.238089 0.362573
-0.916575 -0.043548 0.415623
-0.943905 0.094824 0.796945
-1.133985 0.177011 0.815338
-1.781452 0.205518 0.734946
